1000
0.001 -0.177818235352 -0.139680327502 0.254919458261 0.160368216114 -0.735244751006 -0.366476440831
0.001 0.0379210467061 -0.669898840941 -0.255293347151 -0.257094215779 0.212331382448 -0.14220939304
0.001 -0.0393744277904 0.160842869311 -0.03997932711 0.586944178491 -0.661620871023 -0.603202800889
0.001 -0.248994001562 -1.74114137477 0.709566020587 0.125169941969 -0.0504816653013 -0.311167668536
0.001 0.474900383786 -0.634508738946 -0.343316863952 0.074193406144 -0.296132156527 0.0673142588942
0.001 0.470754214373 -2.88889715086 0.465127525558 -0.340078514544 0.373217000247 0.0787567475758
0.001 -0.431632238948 0.283184124977 -0.299870859486 0.391257596408 -0.309727852591 0.489731524778
0.001 -0.0765829775752 -0.851816778866 -0.813636251282 0.254705823169 -0.23286341604 -0.872387191749
0.001 -0.424709692803 0.935750632756 -0.370230868975 -0.0610607937138 0.688894904511 0.407302206579
0.001 -0.109763809996 0.0332876169877 0.332731856125 0.016680189468 -0.00309940948841 0.556978561621
0.001 0.308268401526 -4.29143901436 2.73860646082 0.116433691533 -0.298299679348 0.222144263545
0.001 -0.29944381344 0.400460161684 0.863666677217 -0.368517814166 -0.354511200606 -0.0508375300212
0.001 -0.584928651465 -0.670820478314 -0.153341401661 0.650136012762 -0.135352084667 0.491246466855
0.001 -0.679010282869 0.990432486716 -0.349914188856 0.231192990364 -0.096494134769 -0.224475049594
0.001 -0.538311624014 0.254834692423 1.85887455489 0.148607710327 0.32163811992 0.146679825158
0.001 0.907693215935 -1.06319698059 0.217510929063 -0.0378083434022 -0.0346032846444 0.0473901133706
0.001 0.786738993721 0.759858227683 -0.465315693424 -0.369427566673 -0.186650694505 -0.482955048943
0.001 0.0147650242174 -1.25596050132 0.00444460450254 0.15454530985 0.436742783522 0.730680692095
0.001 1.11574516341 1.46394661143 2.79660035997 0.206778882773 -0.00137097556114 -0.203955751172
0.001 -0.862860208466 0.416181421022 0.0429921018196 -0.2158639609 0.540278462107 0.0614411091726
0.001 0.0369847164022 0.313053552987 0.0023443488872 -0.730681339728 0.0712726262265 0.399159330758
0.001 -0.598458844121 0.235846414044 0.466876913975 -0.0421698572318 0.175799526084 0.0603292574386
0.001 -0.0803592057619 -0.353558795258 -0.580366835634 0.0556260676923 -0.305397920049 0.35181116807
0.001 -0.286996858273 0.05178026441 0.0352739215291 -0.629824168533 -0.455445359016 0.441083268039
0.001 1.28862543318 0.368276272465 0.526556414233 -0.491398470019 -0.716544401699 0.202936340931
0.001 -0.107800543357 -0.701180587859 -0.163097821557 -0.343867304794 -0.442536055917 -0.832112980692
0.001 -0.271713515367 0.208716049465 0.856266286328 0.1572313497 0.407299784562 0.203939039658
0.001 -0.124276618318 -0.0709488151026 0.260777958444 0.186424709557 -0.924949169643 -0.852265294362
0.001 0.269429517683 -0.274843333948 0.589308269315 -0.491137825207 0.579971692332 -0.139809355284
0.001 0.287123773678 -0.134272881563 0.0506396580637 -0.371912518045 0.00446362541002 -1.07624931909
0.001 -0.325907610454 -0.709172300768 -0.297707457115 0.09500569439 -0.344404064705 0.171755694336
0.001 -0.3028748538 -0.333284636023 0.305653640725 0.0735046887008 -0.709283554496 -0.239930833848
0.001 0.298755089495 -0.633881328589 0.0215135726942 0.359020311908 -0.277217323245 -0.139226615205
0.001 -0.259619239418 -0.158946402652 -0.0173747676616 -0.523186219174 -1.32519198047 -0.141467981397
0.001 0.950180912124 0.00740204436252 -0.697519094059 0.629642942597 -0.308928561959 -0.083089312877
0.001 -0.143194303937 0.851565016004 -0.241167062351 -0.709452265584 -0.021318113543 0.28290003808
0.001 -0.304450342947 0.56436977163 1.46854952854 -0.499344724643 0.132916431591 -0.314270458344
0.001 0.182005944998 0.725453400699 -0.273923150101 0.0755725239946 -0.0139793721663 0.0407808482497
0.001 0.443831858914 -0.382350483651 -0.818038957939 -0.07633745655 -0.375328217397 0.00973682248173
0.001 -0.591091073896 1.13820177262 -0.358226670368 0.126562334711 0.359033260763 0.237683045549
0.001 0.43898984484 -1.02816199402 -0.0443287622552 -0.150395827037 -0.15105837299 -0.883777495089
0.001 0.261565026866 -1.34511850768 -1.5544151877 0.202524409023 0.0505502404699 0.0473729235717
0.001 -0.049173683751 0.426914758442 -0.181893629229 0.174169167989 -0.460899474017 -0.417039535169
0.001 0.216046868219 0.41162470289 -0.300578412138 -0.166896423391 0.0246822659047 -0.854142426035
0.001 -0.0359015406503 -0.275894300387 0.619532898127 -0.197386653572 0.853495798467 0.0135124173909
0.001 -0.574422488562 2.75535677349 1.05453888657 -0.529469690405 0.110849433427 0.0102836928902
0.001 -0.610656558243 -0.23233454882 -0.419549269875 0.524200265091 0.394058235108 -0.077409282008
0.001 0.163316293931 0.109098994138 0.211314376276 0.445171105474 -0.0916588456915 -0.00253070360306
0.001 0.919741987482 -2.03435337887 -2.6057966519 0.230568189529 0.30411286071 0.35625080086
0.001 0.331902042194 0.00557411891426 0.789440363573 0.375735799908 0.550390216159 0.292079544661
0.001 0.0735089480322 0.321563677011 -0.103195451898 0.51218360705 -0.430070654062 -0.333930630676
0.001 1.27203425707 0.178208661291 1.09036140245 -0.281600855983 0.214545953062 -0.312044097447
0.001 0.38914412167 -0.578765786963 -0.296057738613 0.0190633354157 -0.0487875350818 0.18860201388
0.001 -0.933220774955 -0.256262696482 0.443140226051 0.0567871111557 -0.373519980002 0.575847744061
0.001 -0.0851785102769 1.36495881166 0.760575699772 -0.209339339174 0.136118610769 0.065775526504
0.001 -0.0217615994459 -0.0738139598742 0.0507305338923 -0.531431007202 -0.6757109574 0.0804625077195
0.001 0.129111590466 -0.0099020035034 0.119215751988 -0.45872263535 0.367593563005 -0.438767047299
0.001 0.797228295868 0.125772723148 -0.53220496548 0.486413395499 -0.0575480440791 0.74311742401
0.001 1.41052703593 -0.382920364212 -0.601469952206 0.0215809588524 0.262372926472 -0.452511422886
0.001 -1.84154289336 -1.24520240464 1.99876869783 -0.0318586982874 0.0472046992478 -0.0506619798535
0.001 0.133481272585 -0.566296122544 -0.207797566235 -0.293485054907 -0.0731544817034 0.149746260935
0.001 -0.0944666400213 -0.18479001005 0.264662564225 -0.376933925115 -0.0356485680694 -0.126016711774
0.001 2.53369452115 1.44480551951 0.858357419834 0.090835449554 -0.118132032481 -0.191334504042
0.001 0.158732006701 0.52877478972 -0.200198295501 -0.384884404115 -0.210665524701 0.33168234709
0.001 -0.0918903428003 0.594330712593 -0.824939292265 0.315116198034 0.828998850263 0.000419496088363
0.001 -0.0796825294738 -0.357084103011 0.830867282677 -0.187406518813 0.14628876903 -0.415375872805
0.001 3.74973295699 2.25970398314 -0.273490915131 -0.0584633674127 -0.0217687093226 0.36057833363
0.001 -0.842062387444 -0.743200459047 -0.157486532051 0.192777392837 -0.790404184056 0.00163620197882
0.001 -0.15598076282 0.887998175462 -0.399416146096 0.309028726362 -0.356129114636 -0.065134175567
0.001 0.230819730711 -0.318433644134 0.0456724669672 0.86153744011 -0.0813383863375 -0.193382605076
0.001 -0.431266494696 -0.413816086441 0.201871779135 -0.215726271709 0.119196916201 0.252646334007
0.001 -0.0712518787545 0.737893323821 -0.42611301374 0.503967899272 -0.120808792472 -0.309784406222
0.001 -0.0977625160922 -0.486803742701 0.264029500976 0.172493826349 -0.0366886637801 0.271887121505
0.001 -0.0327322000663 1.11837739086 -2.03024442937 0.445223914609 0.10585582037 -0.00683966398425
0.001 -2.31779863128 0.429426081451 1.2536900771 0.0109795353988 -0.366995383135 -0.148473873702
0.001 0.0378876810948 -0.0562453570498 -0.306386242858 0.835831258749 0.101580409468 0.172924826407
0.001 -0.532952148216 0.230628223789 0.37571497968 -0.113524720708 -0.046889902837 -0.0924140800262
0.001 -0.0418901393663 -0.0935055751739 -0.0285095423073 -0.323319481062 -0.019741143767 -0.128640926258
0.001 0.0542402128663 0.43163142614 -0.810712204235 -0.250830919326 -0.103043449992 -0.9087687904
0.001 0.455096840485 -1.43477979993 -0.0804217105936 0.0257377716161 -0.0977993532597 0.106068203126
0.001 -1.28235309461 0.871617916093 1.79037300876 -0.12828542165 0.167356417005 0.119351070438
0.001 -0.219467556221 -0.11030037472 -0.641026149047 0.433748660252 0.368749451761 0.42768110518
0.001 0.295537619471 -0.68276709687 -1.02511359791 0.210447012493 0.0301250047471 -0.0563967780035
0.001 0.88474993129 -2.54383772276 4.14488044533 -0.202945847856 -0.025925163476 -0.0616545783751
0.001 1.64901169748 -0.569700315473 -0.215096980427 0.159846657629 0.21393896089 -0.230645472852
0.001 0.042872981021 0.276902798295 -0.310887904127 -0.0896111620911 -0.037832079242 0.634128507911
0.001 0.032737968795 0.222151705483 0.491315499726 0.213869387617 -0.29133566382 -0.308688368568
0.001 -0.319567653298 0.0371265951571 0.546482253758 -0.278480989463 -0.0117618471967 -0.221738238914
0.001 -0.228368947431 0.147077694235 0.147090069101 0.809513342895 0.072997679751 -0.045989196322
0.001 -1.46425828945 -0.967760538088 2.61079731531 -0.284743234729 0.0769324801366 0.0751312297661
0.001 -0.49386506706 -0.116342240032 -0.27223015019 0.170667492008 -0.549718951667 -0.216363269269
0.001 -0.726985657131 0.249196762598 0.136398613816 -0.339380574356 0.189874431227 -0.174844125867
0.001 -0.646419304435 -1.29677957596 0.48950585939 -0.850210847909 -0.0343200436603 0.420820222751
0.001 -0.527226364827 -0.237718608153 0.257875454109 -0.338686039931 0.223831377417 1.13910580189
0.001 -0.551708106104 0.576212643484 -0.104028573849 0.0628414135976 0.0759511226986 -0.101538082011
0.001 -0.589240984984 -0.0448193214176 -0.288229529026 0.459171089932 0.567288297131 -0.0358901691181
0.001 -0.00767497965942 -0.577664236187 -1.38077128078 -0.460274247504 -0.540146960806 0.081686896455
0.001 1.64485957638 0.615595799969 0.480309394456 0.271986705127 -0.103532119964 -0.369359240695
0.001 0.242989688194 -0.048948674907 -0.0403263973963 -0.604255432579 -0.000149232075499 0.564242593449
0.001 0.403023411544 0.0847679558176 0.260498856555 -0.34513775583 -0.108360883134 0.587765105393
0.001 0.0958323697552 -0.317232053227 0.380193503865 -0.123348637958 0.561406169514 -0.0697849303772
0.001 -0.422822747237 0.703773079864 0.114310625755 0.164189278905 0.349489537589 0.337368675209
0.001 0.998314582875 0.23457018767 0.683209738061 0.121131458151 0.709181636016 0.326809691938
0.001 -0.589458385755 -0.356847635571 -0.582086471717 -0.339116566795 -0.0285115666468 0.144696712586
0.001 -0.193390032388 -0.350300922496 0.474068071897 -0.230016720595 -0.043579261789 0.852948919037
0.001 -0.170721329634 -0.227902065126 0.491299595271 -0.327373203215 0.139701370993 -0.208314866636
0.001 0.0332936230288 0.293622204886 0.570109929833 0.546316201392 -0.466352276833 0.320674055761
0.001 1.79113935877 1.38649686677 -2.1526583656 0.245945110493 -0.163097435573 0.137359379453
0.001 -0.871411658036 -3.71171595641 -1.80933218914 -0.0384750143752 0.119214765125 0.120070197577
0.001 -0.528234760898 0.0475232477501 -0.459806749164 0.128119727185 -0.453072004061 0.716730809202
0.001 -0.203906386941 -0.084914593438 0.120979580302 -0.0336863616904 -0.769234551256 -0.396353888051
0.001 -0.311590211473 0.0548607298865 0.653689686829 0.352723387544 0.332513193041 0.29390443121
0.001 -0.487956774083 1.94132631363 -2.30800714726 -0.275874591577 0.046796753671 -0.158580915182
0.001 0.377683207758 0.172674030116 -0.15392387743 -0.0647351716343 -0.0914332406771 0.263180378705
0.001 0.170703846377 -0.187615874318 0.424459824256 -0.19129515855 -0.271255061453 -0.509817015554
0.001 0.00280303619828 -0.337232584711 -0.717515166919 0.153900827237 0.907028795772 -0.145447402919
0.001 -0.847010884535 0.338721775019 -1.15546569558 -0.120884820142 0.247375093737 0.0821767608002
0.001 -0.534285896161 -0.311151236611 0.572965030689 -0.164939338406 -0.0408783595839 0.0385410812522
0.001 -0.580151722889 0.87137013455 -1.12581116377 -0.200429864969 0.249027059831 0.0317394576626
0.001 -0.0609728652824 0.254192713396 0.2754552081 0.657648450459 -0.408836441898 0.018603363446
0.001 0.317254062923 -0.015756221799 0.136825005436 -0.41422250372 0.833583016996 -0.796892698446
0.001 0.248765054602 0.31893215973 -0.350973834437 -0.12619741812 0.341820605743 -0.470035222104
0.001 -0.519602755501 0.148186404297 0.517899024862 0.118629369608 1.13694509901 0.143897540228
0.001 0.00050951284378 -0.120032010534 -0.266453593793 -0.118106824994 0.0947526712861 -0.667099610806
0.001 0.464642951721 -0.201078073036 0.494951974644 -0.596273638471 -0.49828854592 -0.369430915744
0.001 -0.45718809578 0.671404917069 -0.39039043937 -0.252253239113 -0.92620904639 0.148530650205
0.001 0.261400791688 -0.15504054728 0.155683478484 0.0893300261135 -0.497608442853 0.436743878016
0.001 -0.993932727906 0.440332445026 0.698486771323 -0.394664457769 0.0170049569332 -0.80628607017
0.001 -0.376433383493 -0.253326563332 -1.02358613193 0.740158360649 0.534195153118 -0.406313630279
0.001 0.110277805328 -0.494689889354 0.0971504841578 -0.74966093327 0.166124310813 0.686388532459
0.001 -1.20742612209 3.63515464033 -0.790480860305 0.32988148113 -0.0872807179664 0.21331907782
0.001 0.0148208468761 -0.109034517422 -0.243510409817 -0.28415423534 -0.662517355464 -0.970324736918
0.001 -0.362277155742 0.0264226684272 0.0905639189637 -1.11331832528 -0.0614948652371 0.646240792211
0.001 -0.34929900682 -0.489726598896 -0.596507301781 -0.294018097915 -0.363705046789 0.046772693658
0.001 -0.164744549121 0.387260239848 -0.0456244320412 0.372370490205 -0.625303225154 0.385047147388
0.001 0.445116941776 0.249533077574 -0.186926296268 -0.613238180263 -0.760323894137 0.591708367639
0.001 -0.170433604209 -0.0301368062238 0.47523110345 -0.0261324086021 -0.614260772916 0.678046392769
0.001 0.118051304473 -0.999703278853 -0.0175557354759 0.471401046404 -0.497967242511 0.262355752596
0.001 -0.214116979639 0.13177139365 -0.287680070216 -0.611202120823 1.11091310121 -0.194215982113
0.001 0.0941414612865 -0.0200133375049 0.173497958076 0.0639140364735 -0.230482352014 1.15686917047
0.001 0.929281981778 0.226462799546 -0.0459222005483 -0.233017722215 -0.287038697289 0.149705294136
0.001 -0.0221613354949 0.627398735507 0.237424800965 -0.63434836004 0.762934423696 -0.277486766281
0.001 -0.0757563024099 0.141302804214 -0.020980607094 -0.366500807572 -0.00238609964176 -0.657257843824
0.001 -0.246534465433 0.35887892563 0.241996582882 -0.767826128127 -0.313069457 0.0275844494881
0.001 -0.693384233833 0.259343997211 0.655827719077 -0.190509598114 0.144027356156 0.0516834735518
0.001 0.748525272294 1.4764282063 0.0217922578483 0.189384432565 0.0711595868966 0.521859256698
0.001 -1.49638532485 -0.228439540537 0.00747606742532 0.139525801175 -0.268656543833 0.0723676443969
0.001 0.0379432291304 0.495838921852 0.0491109489747 -0.494106142302 0.0167760116884 0.577916790774
0.001 0.659677067843 0.0719231035069 0.235032991537 0.22999263988 0.75599502438 0.356998426443
0.001 0.946567085752 0.67187252055 -0.219138108241 -0.233735328946 -0.0696169732545 -0.208092670663
0.001 0.683384444989 0.392929691842 -0.845847433257 -0.518611174195 -0.208015890917 0.400518488806
0.001 0.0870368842232 -0.521766937202 0.104754703711 0.578439894867 -0.964445078548 -0.0672142696219
0.001 0.0935464824538 -0.0969867762939 -0.0977145924455 -0.25541227595 -0.134165080681 0.0275504938432
0.001 0.180764848657 0.509837266938 -0.303945855689 0.166609447453 0.861236690224 0.138224435166
0.001 0.652451332531 0.38375069532 -0.167015902642 0.491787421869 -0.187005650205 0.247247482811
0.001 -0.986771556167 0.170479550672 0.0754679887015 -0.132590207436 -0.730715323096 -0.614506539254
0.001 0.749765307853 0.787359880678 -0.906307501531 -0.0484457021598 0.101610728262 0.207781985076
0.001 -0.158958068885 -0.0267027296207 -0.0678211804291 0.301447907603 0.588658228872 -0.229974101368
0.001 0.450014290348 0.195669023765 -0.587647254806 0.655031038834 -0.200334552585 -0.0917725448805
0.001 0.429336015112 -1.23420305926 -0.2145045857 0.0237849931262 -0.401799486882 0.245637083939
0.001 0.461625125404 0.120008195749 0.231893254481 -0.0275397051808 -0.280645744836 0.294788529167
0.001 0.131679569428 -0.000290632185985 -0.107843361153 -0.276089771014 0.278155609889 -0.155430718382
0.001 -0.767002248857 0.274774212681 -0.323918058388 -0.0223752505845 0.197527244874 0.119728235689
0.001 0.255515840531 0.0694391342244 -0.149508518547 -0.121162158787 -0.0432380148561 -0.524959552579
0.001 0.0253989333372 -0.693521476982 -0.566704995874 -0.168207939761 0.157211517611 0.174558787034
0.001 -0.229552030085 0.102649624402 0.575699778307 -0.235895787271 -0.754591189052 -0.545497475061
0.001 0.244464188137 -1.04984511946 -1.43507725201 -0.0634373396933 -0.335923457377 0.130538523872
0.001 -0.29444753416 -0.0889285031717 -0.0989540714107 0.365482796746 0.734404695699 0.816875513021
0.001 -0.273426535614 -0.202497063817 0.215771277313 0.987028391575 0.275595982172 0.403580361424
0.001 0.146458652176 -0.29958577523 0.199534230867 -0.712400653572 -0.244104262209 -0.00129416738741
0.001 1.05235880461 1.55088586304 0.511940815292 -0.272778497114 0.732679705274 0.0922209317328
0.001 -0.375806892724 -0.563659845856 -0.534614716266 -0.384075556272 0.324040639966 0.169876693768
0.001 -0.0150334512683 -0.133179340342 -0.0675035436055 -0.0509285436765 0.13780498001 -0.373373094991
0.001 0.264372676577 -0.339048638574 -0.048513319383 0.526223880043 -0.205630285013 -0.00984558974705
0.001 0.156007275989 0.0485646368153 -1.35022051276 -0.879582645822 0.0668764469308 -0.323431988835
0.001 -0.236979390838 -0.314748627512 0.5083192205 0.552468310185 0.613581312232 -0.00778931617424
0.001 -0.323226347416 -0.111727312407 -0.607817176857 0.602036703989 0.522916946225 0.0556444167739
0.001 0.14737695557 -0.496277077592 0.645754376403 0.260110669985 0.4740808036 0.119936995044
0.001 0.533744964315 0.034373553917 0.0452037058814 -0.210316455064 0.0194426580027 -0.000258950975507
0.001 -0.221375994518 -0.537950053248 0.203328957489 -0.323539952903 -0.239500943961 -0.563767917553
0.001 0.101884042693 -0.0650162721193 0.571318378597 -0.109550759942 -0.34321293242 -0.242462996614
0.001 0.295967546041 0.25917941993 0.0119008574285 -0.102712686761 -0.192471249632 -0.0440531498692
0.001 -0.0883195246585 0.533233551927 -0.440422810497 -1.07484416585 -0.13126602015 0.709230994291
0.001 0.79521557266 -0.860941933162 -0.778361153886 0.450968365235 0.540121671522 0.138944844057
0.001 0.0995082889342 -0.0757092306368 0.437600723185 -0.152225994545 -0.441584965235 -0.231895313557
0.001 0.185473132301 1.04295956921 -0.261956594599 -0.314996352949 0.2827318358 -0.378090234028
0.001 -0.298157268842 0.0457623713601 -0.27243104454 0.760858985998 0.199665891183 0.0698528842422
0.001 -0.129594032487 0.394646411005 -0.0406670502841 0.171559186978 -0.30946683531 0.14896124775
0.001 0.513523040808 -0.102833499952 0.00121991362566 -0.035333434444 0.249448893035 -0.149890804258
0.001 -0.179422522609 -0.443846369425 -0.789141035509 0.0770213189874 -0.102786256997 0.444338120477
0.001 0.384331326725 0.642635357557 0.18831515878 -0.315382805227 0.664925276482 0.0936058272699
0.001 -0.0981609442668 -1.48538806554 1.61177017238 -0.272690102559 -0.261123603969 -0.147592334068
0.001 -0.973906024837 -0.103409723805 -0.0858002704227 -0.541662648616 -0.345360198091 -0.40224153216
0.001 -0.174109942475 0.0248020918764 -0.139638079016 -1.26759038709 0.285529931471 0.0402697050359
0.001 -0.542291160091 0.925026924866 -0.529427543167 -0.0786717206662 -0.109828778605 -0.0191485775846
0.001 0.419191513916 -0.087745497195 -0.389226636124 0.529895986093 0.0800441167459 -0.398302265108
0.001 0.35802187723 -0.738186253045 -0.108843224077 -0.522374117769 0.314698118113 -0.451498115716
0.001 2.8164459366 0.70677069569 -0.0616968334455 -0.14767338728 -0.0578415968673 -0.154853570803
0.001 0.392741447629 0.271578919209 -0.441511154171 -0.0719242248336 -0.85946391011 0.415397958364
0.001 0.355077640607 0.0108446097268 0.0652857510402 0.233076407797 -0.246498707161 0.251550969368
0.001 -0.266591178842 0.133561341031 0.214095723342 1.10682018298 -0.632737369816 -0.105871934306
0.001 -0.269560428727 -0.549452583099 0.59692750052 -0.0787038848631 0.297515982777 0.189332730949
0.001 -0.741074534994 0.226590102824 -1.284518259 0.113758122064 -0.0751823866609 -0.278826566997
0.001 -0.614602138771 0.981592267429 -0.519830011824 -0.23969333232 -0.0242245435216 0.134963530664
0.001 -0.493652495384 0.722182216403 -0.0758377984781 -0.0811643471275 0.248287274952 -0.221235042641
0.001 -0.483911607506 0.217217452394 0.216854064428 0.11270996492 0.0753072969341 -0.346517103073
0.001 0.243997919927 -0.314687639589 0.309372489495 -0.887163051392 0.26258635968 0.610373528645
0.001 -0.397793739422 -0.610372636101 -0.0400978899364 -0.33230005293 -0.0916375726939 0.489297060961
0.001 0.156548001969 0.401363394398 -0.0448213151504 0.446723318083 -0.0552200960035 0.480470813892
0.001 1.31868374415 1.42275104109 -0.271172789592 0.125153122614 0.0720779498796 -0.247353115532
0.001 0.512980272241 -0.373483877302 -0.534494670276 -0.328319450054 -0.339416343472 -0.0343617106411
0.001 0.614835996184 -0.204603911929 -0.488171732465 0.208801121775 0.147982982702 0.116959677726
0.001 0.55866861563 0.0252203779777 0.865816885239 0.734326266462 0.301214534614 0.145594669164
0.001 0.0569810488105 0.0583911690914 0.348031321087 0.011120605702 -0.233596815954 -0.823688711177
0.001 0.487091504108 -0.0120010308251 0.0372624481719 -0.189733550494 -0.751119978594 0.229143307753
0.001 0.0061066569106 -0.764009860898 0.235505154905 -0.829961761707 -0.360696717637 -0.469961845512
0.001 -0.123858635185 -0.159451662886 -0.439138476411 0.878495234693 0.188795673621 0.597912272245
0.001 -0.398131143242 0.379840735157 -0.344032007531 0.0677434161989 0.189494603765 -0.0238994627098
0.001 -1.07932058858 0.0160212230538 -0.0112192187958 -0.00732958571789 0.397095905814 0.417762550306
0.001 -1.26879038265 1.00545216591 0.0887149114506 0.0754806946242 -0.223868943531 0.25681312669
0.001 0.366264706993 -0.575874469807 -0.054765904198 -0.141518805402 -0.131917059667 -0.599654511775
0.001 2.91760443117 -1.21555049347 -1.87912654494 0.0902542552958 0.417764749967 0.180424906033
0.001 0.153766031008 1.17535244915 -0.465919263797 0.789011891669 -0.203940522543 0.110606776074
0.001 0.17452138192 0.0629502227321 0.408378952188 0.217931180346 1.16814971722 0.0236557867342
0.001 0.359718375969 -0.137289578548 0.110641759257 0.0418328299447 0.231859302796 0.289618769759
0.001 0.144036372574 -0.320659393302 0.559158357028 0.226854574535 0.716786657161 0.315906723157
0.001 0.69754020868 -0.369230940152 -2.25180895338 -0.14144820792 0.0270464572948 -0.0969561810192
0.001 -0.337650945271 -0.504706607549 -0.459263072024 -0.587349198125 -0.39916014917 0.0222559919698
0.001 -0.122290249985 0.021254022454 0.0416130622965 0.953255098204 1.04983815585 -0.329481041245
0.001 -0.752089946185 1.30484517696 -0.726053069738 -0.166943140477 -0.324081839244 0.110777036973
0.001 0.0742243382309 0.31313357782 -0.154674905728 -0.396987576077 -0.0836970172879 0.145903099974
0.001 0.265664966487 0.283833265916 -0.142957827904 -0.421428688989 0.449554143781 0.318304372346
0.001 -0.227265055519 0.0973686220062 -0.564281927199 0.932684905317 -0.521856540428 -0.498252143694
0.001 -0.028271464125 0.218220334914 -0.0919240663611 0.0672699071124 0.503702057705 -0.104804441283
0.001 -0.0535684324494 -0.18859892573 -0.236791529316 -0.39438419351 0.922895216526 0.252897359276
0.001 -0.110792309115 -0.726672010061 1.34949221063 0.0637707172496 -0.374478248631 0.445911960056
0.001 2.78559108562 -0.618805315758 -0.344243779811 -0.202656419238 0.510584810499 0.360829108072
0.001 0.722719847276 -0.158824332161 -0.506466466168 -0.15797901718 -0.742919902164 -0.178344341852
0.001 -0.00961039070499 0.919491618349 1.10717585759 0.0879947368104 -0.0810782094463 -0.172840343361
0.001 1.33255668053 -0.125059545634 0.252502219821 -0.227072239871 -0.189227970592 -0.000123809332982
0.001 1.63714463726 1.89715717434 1.98638513298 -0.0113343986949 0.238716991704 -0.119605845481
0.001 -0.452902738189 0.0221825372151 -0.0598629475887 0.65180860765 0.501320673074 0.117148995514
0.001 -1.50042251907 3.66458694778 -2.61804690874 -0.181681470619 -0.0604302620702 -0.235831882403
0.001 0.258075003794 0.400927843903 -2.6044721677 0.161487788922 0.0395449783456 -0.287157768854
0.001 -4.73171144559 0.339417452996 -0.382967065073 0.0761459397322 -0.0190139571865 0.331138718406
0.001 0.822058339587 0.683566169981 0.0530456256657 0.401466270926 -0.410122049406 0.393084197422
0.001 1.59002963842 1.36801595251 -0.083722979329 -0.09999505756 -0.299361086051 -0.0902115063422
0.001 -0.0282260506067 0.0897356997962 0.0984509755257 -0.662818057562 -0.522781739186 -0.248634636317
0.001 1.47913039221 1.61915574458 -0.242579950034 -0.207203067028 0.104980039124 -0.454585232138
0.001 -1.31115725674 -0.621444508128 2.04713922932 0.240236773302 -0.486608599518 0.220453147266
0.001 -0.532038679088 0.171437012993 0.17211071041 -0.111996596159 0.372407989876 -0.303715533916
0.001 -0.673060028797 0.51313820484 1.18687970703 0.33705161441 0.0684730634893 0.21583297282
0.001 2.10698369406 -0.0820565296239 0.580068244108 -0.273127014393 0.180095941453 0.21274959336
0.001 0.089406959954 -0.0920200700546 0.45482780764 0.155559746655 0.651109226678 0.591255188613
0.001 -0.268111946257 -0.249336775784 0.0871188694637 -0.494035326863 0.485127431083 0.601395425314
0.001 -4.69076756459 1.95529829341 0.636000752268 -0.176746243218 0.0596400849309 0.243585485509
0.001 0.117697773811 0.00970508249083 -0.17837450283 -0.061400779811 0.0462835315855 -0.0489102483909
0.001 0.0429062833851 -0.305536248711 0.17746880419 -0.220257363056 -0.255639561901 0.457480248275
0.001 -0.277278962167 -0.509627265843 0.265593089709 0.0258524408165 0.693110917519 -0.381276257624
0.001 -0.038679553036 -0.163265402521 0.431029101846 0.411040753216 -0.60561921989 -0.304511753397
0.001 -0.0435107892315 0.0721812658203 0.41707497267 0.0567050382167 1.16729998821 0.216189303012
0.001 0.530522088136 0.158667130622 -0.0217664091377 -0.300811875097 -0.222502347371 -0.298677770742
0.001 0.153480076232 -0.0621529975713 0.300664737746 0.528488630019 0.402606610803 0.777013185376
0.001 -0.238055984449 0.244571148204 0.848665610796 -0.586257754191 -0.0315215366231 -0.0400564146101
0.001 -0.546761254925 -0.0338087403891 0.396502957713 0.567931403767 -0.190153921188 0.0669587313848
0.001 -0.125624223869 -1.28332744675 -0.595080575076 0.569570037573 -0.306420229486 0.160352844375
0.001 -0.110446636318 -0.15676280235 -0.196514608878 0.0230650324573 -0.0368260925558 0.481700346691
0.001 -0.098206048594 -0.0666858344882 -0.343164843616 -0.381436279035 -0.328575546406 -0.109130610016
0.001 -0.535146320085 0.00575335115257 -0.767835202075 0.197203786594 0.50770668785 -0.592370157661
0.001 -0.499200926544 0.129949370394 -0.21981331381 -0.175120477629 0.583401554755 0.401130563611
0.001 -0.273780660717 -0.269432209619 -0.434500733538 0.47540205512 -0.0374634815978 -0.0215929856866
0.001 -0.243419840161 0.492506716739 -0.48215019039 0.20066182226 0.585970462249 0.600197742613
0.001 0.857023155132 0.23767624737 -0.0481301847921 -0.0519874970057 -0.206692257135 0.316133972674
0.001 -0.198708203427 -0.372177427956 0.209003784661 -0.224213258779 0.0999496612127 -0.107470391824
0.001 -0.405674582712 -0.0245636312395 -0.071946555017 -0.905658563564 -0.892023164148 -0.320505847621
0.001 -0.336101937277 -0.223439989018 0.1838596899 0.0646760442318 -0.399346082816 -0.205853819335
0.001 -0.0548545894289 0.541375004852 0.394257838548 -0.765723817672 -0.89675419644 -0.141814025973
0.001 -0.501190195327 0.0318308329997 0.205003135028 0.259928166215 -0.372742278365 0.0460808735628
0.001 0.881359779632 0.125522128363 1.61682782458 0.268849659095 0.22738316119 -0.333680567745
0.001 -2.22266441631 2.7790888539 -2.35473372877 0.00664208394672 0.0708675225399 -0.108469105017
0.001 0.154429035965 -0.218334639174 0.0115082900174 -0.706686112861 -0.574116398855 -0.683192085252
0.001 -0.477247348923 1.38859340529 -0.0412978343358 0.554182287377 -0.344339276173 0.570186411447
0.001 0.242474732314 -0.178651899988 -0.0363512418333 0.0855646379258 0.928183174839 0.20258439901
0.001 0.244072577675 0.129585627706 1.6450257462 0.683185954212 0.246564325612 -0.287203833703
0.001 0.0052817246628 -0.359812702254 0.16787206235 -0.0408138045936 -0.228259074612 -0.215649731826
0.001 -0.0406123417948 -0.262531603758 0.0159181576549 0.412647772744 -0.0583640732138 0.681561970099
0.001 -0.127503384986 -0.323495995198 -0.0337040816089 0.314466948128 -0.35292859233 -0.100224255137
0.001 -0.170440962672 0.66134151174 -0.221817986521 -0.268873354001 0.423132958264 0.492410037878
0.001 0.138401700588 -0.636219075101 0.272686606639 0.610102092347 -0.0706314354121 -0.713045226062
0.001 0.946908337307 -0.21012072452 0.604343634902 -0.433120379211 -0.234987580527 0.16007354445
0.001 0.175049873491 -0.159421499427 0.327435054844 0.189353471131 0.469255278016 0.436357563894
0.001 0.186732498478 0.287099986914 0.262601268945 0.72836573396 0.27934851984 -0.885727264129
0.001 0.477170533021 0.608014007298 1.12154348715 -0.0487626140381 0.170091915 0.0757171152751
0.001 -2.17049410485 0.524578153887 1.46293001484 -0.254931868338 0.214003212551 -0.186977245709
0.001 0.143289851414 0.467948288565 0.456505312987 -0.0642865854891 -0.572423762255 -0.524830958855
0.001 0.0974327642644 0.0849050742471 -0.757562985559 -0.129466358616 -0.279544703662 0.141725839048
0.001 2.64607452634 -0.93800575132 -0.291176911845 0.282749041657 0.529173647555 0.245992881416
0.001 0.256839902881 1.45462926427 0.565192487829 0.751166314276 -0.193732518192 -0.118599593197
0.001 -0.567647446931 0.514075150999 0.43505244645 0.70919990708 -0.644046823199 0.289250214656
0.001 0.184648782033 -0.139197114568 -0.325885662439 0.0794296180633 -0.255177458396 -0.0557827538499
0.001 -0.107630825642 -0.0125150069559 0.398812603302 0.563425465496 -0.0278368018889 0.443174761188
0.001 -0.0934733403539 -0.436534419956 0.377887697538 0.519326852458 0.242967125576 0.202634928105
0.001 -0.1048579757 0.870009260911 0.387644187 -0.814455774654 -0.132904581751 -0.265045714172
0.001 0.30207335812 -1.03347934182 -0.251410290256 -0.309054735617 0.129297081369 -0.510688480333
0.001 1.73892933638 0.54172718535 1.23643409374 -0.151217449638 -0.0663262933566 -0.119704155875
0.001 0.039507890279 0.0528744707799 -0.627494090128 0.191314227738 -0.215311743512 0.340641183074
0.001 0.362344654296 1.00463709478 0.106145180829 0.0839705508384 -0.470904600877 -0.064670382932
0.001 -0.817383074163 -0.690166274572 1.26755872318 -0.570915146956 0.0509168207099 0.12898740436
0.001 -0.391194076427 -0.240107047416 0.0166401520322 0.084419573877 0.203204509445 0.06769807302
0.001 0.915260629279 -1.17904620934 2.16829128135 -0.444068743108 -0.0633359744024 0.359800383454
0.001 0.162280274659 -0.0553167270186 -0.635014783495 0.0410412629414 -0.365071156325 -0.292468297464
0.001 -0.513237945151 0.987508348893 1.50893256349 0.0751917011592 -0.588890409172 0.202267864263
0.001 1.59797876237 0.711184424032 -0.301420563758 -0.363473992713 0.43213691146 -0.082244006229
0.001 -0.377701521836 0.551682228078 0.0638386935252 -0.313195893546 0.350261337589 0.583768634511
0.001 0.714474345969 0.628617916123 0.0693652766716 0.0846910739183 0.013566687091 0.146228346297
0.001 -0.583309585025 0.00778993573752 -0.106260249003 0.573304511286 0.287187892646 -0.332463437205
0.001 0.706015220353 -0.335576523709 0.379447890931 0.100170290906 -0.258120035921 -0.30192766364
0.001 0.0442565148165 -0.122756984681 -0.364997323225 -0.0316878154777 0.400546293015 -0.0373479620206
0.001 -0.0450328003691 0.140436896747 0.214832379143 -0.515817330644 -0.279901723902 0.406637473736
0.001 -0.761037644785 -0.0761826409948 0.51381402871 -0.500257300981 -0.0325917645591 0.886272467987
0.001 -0.0938781687968 -0.119773305086 -0.0735660907986 0.141447690412 0.0765707925835 0.40872269992
0.001 1.04804749887 -1.0110813402 -1.35319247769 0.168455524864 -0.330761739875 0.0143742471657
0.001 0.555506054574 0.0574736847739 0.338984222793 -0.914218866756 -0.0585902690376 -0.380901000982
0.001 0.0720210840298 0.368666589978 0.775392604679 0.0335389040909 0.414348426217 -0.372141528783
0.001 -0.146250744584 0.218426891461 -1.06130812664 0.820513573768 -0.079708613386 -0.343623124234
0.001 0.0896688459124 -0.347964983015 0.912482403498 -0.325721315234 0.0781288634613 0.261323668085
0.001 -1.27261227147 0.763991007264 2.38093023769 0.323765951532 0.168100628381 0.269703306242
0.001 -0.349044840433 0.1126816804 0.350737878542 0.354712355186 -0.573133843901 -0.547606007802
0.001 0.265462544271 0.000182327819505 0.130839906934 0.0448752740207 -0.601853910028 -0.165110211244
0.001 1.09379841199 0.000941852707927 -0.226284768999 0.112914857189 -0.0957385338394 -0.662405664495
0.001 0.0981671770188 0.209664383885 -0.374386347033 0.827555318172 -0.986661355083 0.000959157865583
0.001 0.151396675665 0.358161255443 -0.159396389422 -0.200294391616 -1.18282425748 0.183753030454
0.001 0.161239191289 -0.0319721144741 0.277313804793 -0.246844372298 -0.987123857811 0.709329394847
0.001 0.207847593092 -0.108895610452 0.337346670322 0.3425500444 0.333235773697 -1.08435543433
0.001 0.412663165358 -0.83555253522 -1.29860413515 0.567135452258 0.37763229792 0.279843077062
0.001 -0.891175469398 -0.41630665905 0.607494883594 -0.168483107427 0.0267926304459 -0.659945899641
0.001 -0.185546765235 -0.409748229867 -0.291209784076 0.336373631163 -0.0692971623607 0.376993601231
0.001 0.142378966695 -1.40361190347 0.0697119932456 -0.39748716524 0.242885110872 0.595604783703
0.001 -1.43335746674 0.527102395851 -0.924462573807 -0.000994427110658 -0.324146883008 0.291601396578
0.001 -0.611576389673 0.0601727836817 1.44139253353 -0.0771008385435 -0.0763673034779 0.281439456214
0.001 -0.621640764488 -0.555627479879 -0.299319015222 0.488482265929 -0.591529035727 -0.227929470498
0.001 1.78447791654 0.709984458708 -1.30188751169 0.567248266394 0.188775694246 -0.0663183949293
0.001 -0.0879707776851 -0.294515154235 -0.554397479426 -1.01024427234 0.262254847274 0.268699332061
0.001 0.0823204823453 0.301945009677 0.182664279783 -0.0128502947019 0.00635946735978 -0.192320866953
0.001 0.47988366346 0.365495837508 -0.355168337288 -0.578656091402 -0.483229619069 -0.701208011105
0.001 -0.037757521833 0.17000079154 -0.141403849569 0.697511046121 0.420295778255 -0.571404664184
0.001 0.398795842005 -0.435452017553 -0.162469267469 -1.0269591898 -0.415997299654 -0.0459177910291
0.001 -0.188686035646 0.0699460290228 0.216531675474 0.187761575113 0.241489992659 -0.377425868768
0.001 0.249931925745 0.791213924083 -0.292525289187 -0.0662921151771 0.92147881655 0.113591592184
0.001 -0.603867320623 -0.199366611098 -0.0191311508619 0.343406882133 0.360826390014 0.0144024062711
0.001 -0.341945801563 0.362493272844 0.290025657308 0.110911917507 -0.195208050307 0.181687843192
0.001 -0.404720910101 0.505654201665 0.118791098612 0.0277438916906 0.0846510774036 -0.215638383239
0.001 0.123100211352 1.57845852969 -0.130613537909 -0.153847661057 -0.18249824854 -0.117303466271
0.001 0.688400884445 0.220978646978 -0.366619924071 -0.176567331882 0.289206580869 -0.208405787121
0.001 0.48842512716 -0.509590994753 1.35900375657 0.0543789592297 -0.69695037116 0.404488731835
0.001 -0.0464824500403 0.601603170691 -3.25218094201 -0.0715001063688 0.16391520979 -0.233943379589
0.001 -0.175704940242 -0.304701580974 0.727171713637 -0.113399776534 0.337900895863 0.098338732036
0.001 -0.950778474851 1.31381271549 -0.113342946903 0.131628049542 -0.0192998838955 -0.670637918753
0.001 0.149035861699 0.168792362443 -0.173863071118 0.585336207558 0.488863679492 -0.230833582158
0.001 1.25605996 0.836660661792 -1.72854947544 -0.0864611808941 -0.0340765796129 0.0814681077811
0.001 0.203528704191 -0.189392787139 0.633316755729 -0.185434369378 0.100830328713 0.126495197787
0.001 -0.400381639349 0.203118479585 0.328445448082 0.0216198247104 -1.08404238155 -0.273316246009
0.001 -0.368370877387 -0.0169394181918 -0.352933735091 0.654826568093 -0.0292404476645 -1.00184175705
0.001 -0.440527250001 0.291859109942 0.232651247129 -0.0674207338674 0.749030656126 -0.0813401807144
0.001 0.10719941916 -0.0298997063211 -1.00484695778 -0.178317459711 -0.151103236327 0.0894901444978
0.001 -0.421747021222 0.0456306326914 -0.365073756544 -0.0614721803672 -0.69319602214 -0.497629234386
0.001 -0.631075926717 0.350515928103 -0.0751074280496 -0.15229138908 0.0557150175321 0.394585895385
0.001 -0.540779791781 -0.780938987578 0.647535439234 0.434729547901 0.76597768546 0.344109695144
0.001 -0.00627826606011 -0.0365661567992 0.287668123842 -0.0541529128138 0.594377115515 0.39591640988
0.001 -0.249184991558 -0.16605828603 -0.124815890274 -0.066546929418 0.0998300707316 -0.221076058452
0.001 -0.173226437199 -0.324407956009 -0.14062347607 -0.085476774044 0.483731263527 0.260232474617
0.001 0.74714696507 -1.7302719939 0.5221323033 -0.172907383027 -0.638778411837 -0.214068065713
0.001 -0.68525888051 -0.109663644249 0.212802909705 -0.471891282659 -0.109202830993 -0.0042715155967
0.001 0.074432059287 -0.977896012142 0.236582442561 0.189005536766 -0.102650426854 -0.230198789751
0.001 0.593454185223 -0.947190275913 0.320401494126 -0.481157545335 0.363703246667 -0.226135286721
0.001 -0.321619740063 0.52779444735 -0.519169759721 -0.553236154025 -0.0180198444368 -0.506304035635
0.001 0.564977797778 0.0559872032526 0.576556149765 -0.0177937033717 -0.392606829735 0.378860351189
0.001 -0.322064436682 0.210420720853 0.222076967465 0.794107321321 0.474608113569 0.329026230122
0.001 0.432547543117 0.173543614412 0.461203833356 0.304284601348 0.150922809228 -0.0430283467627
0.001 0.581965673467 0.049244624291 0.409483105401 0.0849278055916 0.265254208294 -0.258192674627
0.001 -0.191792894706 -0.202522517177 0.00121321655035 -0.725669576501 -1.0025568278 0.110471773364
0.001 -0.43592164895 -1.05249424894 -0.517747791732 0.591000025239 -0.254962017156 -0.61943242476
0.001 -1.36150728391 2.64643480118 -1.6911313531 0.193884873768 0.384960654376 0.0485892218527
0.001 0.426651874784 -0.0722706653285 -0.114255504737 0.552955251155 0.0928567401915 -0.0753914503058
0.001 -0.453693699368 0.684605650092 0.467658725485 0.226755941254 0.0467206868724 0.235533292446
0.001 0.0122097453556 -0.101439900976 -0.126547229773 -0.373903093443 0.0381342135979 0.261467830698
0.001 0.136162889897 -0.094496768183 -0.0914101860016 0.0619028989585 -0.16066490739 -0.721604593715
0.001 -0.00426095928324 0.613529609658 -0.276372839479 0.871832231613 0.0851164652196 0.227525560267
0.001 0.280906727988 0.191957008669 -0.16850971405 -0.588501433353 -0.165284173867 0.00532959079146
0.001 0.319606694665 -0.84137696522 0.960129460949 0.274623041211 0.128692074496 0.16285094769
0.001 -0.0714517268803 0.306466353551 -0.227603662623 -0.00159363173765 -0.944497444227 0.00609782831349
0.001 0.0933729881248 -0.824995295415 0.225196631234 -0.15475774403 0.0102251497246 0.226305006994
0.001 -0.30768542499 0.0153653754752 -0.135776588863 0.109865180029 -0.130242166719 0.3970419527
0.001 -0.184093366189 0.24566282137 -0.354748185231 -0.160791753904 0.138885938476 -0.969051184723
0.001 -0.676746142843 0.0462788756186 -0.0922674231971 -0.107635257642 -0.629873507571 0.612223543379
0.001 0.000594781519072 0.0591629255232 0.303865403157 0.0770005812689 -0.776772318667 0.757763311103
0.001 -0.167850675757 -0.138201390242 0.0480755253544 -0.169663933036 0.108564155684 -0.404076751778
0.001 -0.413712022436 1.77846624386 0.727283730829 -0.272877051814 -0.0127909025587 0.00170002799861
0.001 -0.30321123661 -1.23404235037 0.0146574170801 -0.267273000753 -0.580362237947 -0.323662838794
0.001 0.596136634598 0.155140227916 4.7321647184 0.0197505146289 0.350691454222 0.157935110657
0.001 -0.286107692442 0.136673141388 0.157920599259 0.181566084659 0.0913542038885 -0.0016839004656
0.001 -0.540330516695 0.0433714777177 -1.03867525473 0.493025323591 -0.129931444964 -0.213704648526
0.001 -0.481228460311 -0.223230136902 0.510163203091 -0.0434844021501 -0.695926599696 -0.771122801056
0.001 0.173035282288 0.0817683218012 -0.305013362914 -0.159349957124 -0.432319112685 -1.02198448805
0.001 0.610897469782 0.216672137172 -4.95199634295 -0.0122248598333 -0.206464756134 -0.0184800695203
0.001 0.189403065776 0.230554690892 -0.390767309165 -0.271442730588 0.228148939472 1.12141145134
0.001 1.56151474904 1.45267835849 -1.00881605779 0.354310441467 -0.21613792508 0.387837115816
0.001 0.0862387882784 0.056875280446 -0.0809986321173 0.842814715116 1.11124136628 -0.194616233104
0.001 -1.06293316741 0.781680746736 -1.28028115034 0.320399230933 -0.158694882695 -0.372968503887
0.001 1.1257010771 0.874296850719 -0.197837387291 0.402991100034 0.197843782198 0.214889963865
0.001 0.857744257812 1.17398888974 -0.208935653912 0.0832625443633 0.239089821597 -0.670571426338
0.001 -0.690495672355 0.0872846595469 -0.195213268016 0.69331147538 -0.174263123547 0.614970511649
0.001 -0.158355644525 -0.107315551719 0.0816432749431 0.142544469967 -0.742438979389 0.605402270052
0.001 0.242411789731 -0.422096815611 -0.435657267943 -1.04184919053 0.438944285875 0.46393950818
0.001 -0.0665060280434 -0.0920439016077 -0.30550795664 0.352624730145 0.7001562432 -0.521748771538
0.001 0.351038034114 0.292310036349 -0.46185597513 0.526779415501 -0.684269140788 0.412576051674
0.001 -0.540322068674 0.440049464051 0.212751499358 -0.0840243145765 0.253965347312 -0.625642525831
0.001 0.152003654538 0.328197010231 0.0526900282057 -0.942770089742 0.252892571051 -0.450038766682
0.001 -0.790616134026 2.8659635088 -1.84890462067 0.0755569303158 0.34558040283 0.000644720543599
0.001 -0.171596935827 0.052167621582 -0.1751619344 -0.346362833787 1.24017216225 -0.185588864686
0.001 -0.0492299323268 -0.134573190854 0.305736771628 -0.0702765657409 -0.418437576739 0.551131706026
0.001 0.0497519769804 0.173325403753 -0.249642303107 0.18203069472 -0.309213469444 0.0432462935079
0.001 0.389223232238 -1.06613082096 0.250226773248 -0.274002463569 -0.57113276969 0.0560936279964
0.001 -0.528610793971 -0.949948675685 1.37809515144 -0.272993717747 -0.386689005119 0.201592226876
0.001 1.29625789357 0.498278462418 1.72057859194 -0.172162375506 0.203540040372 -0.468568631629
0.001 -0.249557948588 0.305239376852 -0.130317272996 -0.462184183041 0.191609595569 -0.329926727476
0.001 -0.146006089747 -0.0800274488713 -0.446453057901 0.383042949996 -0.388850903391 0.218562870029
0.001 -0.970239589931 -0.753752364045 0.106458361939 -0.404191621301 -0.242914873439 -0.125075310268
0.001 -1.13583126776 -0.0789003081358 0.657025476432 -0.030303667129 0.316880217865 -0.121133546183
0.001 0.0445690834526 -0.0122814160487 0.0742558376265 0.159170792361 -0.229865821017 -0.0106008156171
0.001 -0.0803123582324 -0.310836587304 0.300817591615 -0.306497595856 -0.655010882794 -0.383393241264
0.001 -0.442032611518 -0.162499873467 -0.386318180844 0.22729073804 0.540366364005 -0.585773640202
0.001 0.142493458063 -0.311006306579 0.0519032843677 0.285977259712 -0.468306815064 0.192356771517
0.001 -0.680944109278 0.541792391034 -0.395254971224 0.289213062993 -0.289743973449 0.315004271265
0.001 0.350162130519 0.333826264814 0.059414497886 -0.109156596349 -0.320254818697 -0.0340305858528
0.001 0.0556954431122 0.138569454204 0.423207437387 0.5712246895 0.469542415078 0.503522896571
0.001 2.0288403268 1.53081003046 0.824854930217 -0.0325445869245 -0.295579386995 0.239001899358
0.001 -1.53610435886 -2.12111784602 -1.61286519844 0.104725709831 -0.210640209311 -0.346626777823
0.001 -1.42400750879 -0.796166259864 2.99135692622 -0.439195999151 0.0143437850242 -0.21223400264
0.001 0.303424389491 0.68721280637 0.180489318517 0.0362582819093 0.0198629126368 0.32178009224
0.001 -0.0264060829058 -0.249340241521 -0.118249436703 0.607553993663 0.152202954498 -0.669567094172
0.001 0.163681334311 0.256880366877 0.712449166334 0.403308981467 0.229291725526 0.233454221725
0.001 -1.17423181921 0.357698135963 0.44219990272 0.00166830572329 0.704248258969 0.239323892725
0.001 -0.370435113406 0.208260578817 0.585243113751 -0.0273283349618 -0.543793196159 -0.16069418689
0.001 -0.474173155854 0.18901071742 -0.507346374338 0.00395276318967 -0.303961421538 -0.182767384306
0.001 0.0191269166709 -0.229825876493 -0.385068144776 -0.517986136139 -0.166594163783 0.829603486973
0.001 -0.10753266136 -0.154083460578 0.786759143358 -0.425723977286 0.101671351802 -0.890872028874
0.001 -0.567547680612 0.817864561795 0.911192570061 -0.474237963183 -0.679904551268 -0.0399716462207
0.001 -0.287940272861 -0.212551913518 0.0122359420261 -0.855265445719 0.680772455983 0.058662484905
0.001 0.330545539367 0.129466398946 -0.423251835407 0.31334515799 -0.531896631558 0.034915922017
0.001 0.638001130998 -0.205431779238 -0.225894956334 0.284443502134 0.84180398163 0.107496377789
0.001 -0.208674063412 -0.462439039184 0.0350912468528 -0.00465471261983 0.560595089584 0.117722231966
0.001 0.85110315192 -0.449468305564 -0.315398522005 0.325374965468 -0.125344272111 -0.292538322506
0.001 0.461069779743 0.11880884289 0.332069781718 -0.0427684641595 0.197452429375 0.418314493729
0.001 1.09795155483 1.15573366264 0.217383795878 0.00655890812362 -0.129434494839 0.55244854969
0.001 -1.15159401023 0.0850235905445 -0.488303548936 0.144483014922 0.0117351937957 0.531574153453
0.001 -0.318661486839 0.73476681365 -0.786561438101 0.635125927381 0.294557619337 -0.0958938541509
0.001 -0.52552034974 -0.653066379061 1.36871331792 -0.12611747535 0.395446735296 0.196556406658
0.001 -0.205689825663 -0.248128440354 -0.134560774052 0.361477658387 -0.131857374693 0.314765814758
0.001 0.792045846947 0.0827321564082 0.971310397201 -0.24152179267 0.128706542354 -0.251344883762
0.001 0.285655932496 0.279029954471 0.0416262749898 -0.25856286429 -0.236183250566 -0.268765501047
0.001 -0.477041812376 0.243700434179 -0.035974054523 0.257361843638 -0.723074492982 -0.260379569802
0.001 0.0164642807925 0.0131360560976 -0.119336760666 0.149814668562 0.436006659541 -0.620814723508
0.001 2.23573142354 -0.884087535342 0.501286661583 0.361813298075 0.376364559124 0.24108306988
0.001 -0.0941595918926 -0.0489244478904 0.0784230903385 -0.613553970897 -0.420734759637 1.00571684355
0.001 0.313760083986 0.627559410987 0.226660993095 -0.0976028406986 -0.277880695227 0.0141111145303
0.001 0.692630684566 -1.43296576594 0.687625238827 0.159215917257 0.0698725410871 0.13376318359
0.001 0.0393353834274 0.169132874579 -0.128182719128 -0.233278804994 -0.523182349709 0.102457703631
0.001 0.0807432739332 -0.318983592648 -0.0414070280107 -0.0667223381179 0.171350794541 0.342891823076
0.001 -0.0961823279293 -0.295525683822 -0.559066152246 -0.842619379208 0.288491562567 -0.366895228229
0.001 0.268358586523 -0.326459777418 -0.474277918475 -0.150304087658 0.62095352924 -0.0833082182685
0.001 0.411959971041 0.429849310197 0.476885269503 -0.101545476902 -0.799380058813 -0.414300806736
0.001 -0.250961077419 -0.390928486039 0.252414471706 -0.223400539355 -0.0399172734634 1.22187339372
0.001 0.0719432286368 0.0093866792934 0.0648484707039 -0.35411197145 -0.961372706208 -0.26925038697
0.001 0.247420583525 0.233587970164 -0.329404912469 -0.057261136774 -0.0725531908852 -0.00425223478124
0.001 0.967278347225 0.186708175211 -0.106892712256 -0.26666079358 -0.208484667552 0.161541082167
0.001 0.499039721132 0.973720792736 0.44790947026 -0.0859717579499 0.854664748933 0.317210085228
0.001 0.847738754565 -0.202730698361 0.217041692475 -0.291186075017 -0.49539605618 -0.575728383727
0.001 0.158638904914 0.441029129536 -0.0415364973271 0.109305355575 1.09166331191 -0.563097102031
0.001 0.378927807529 -0.227627709516 0.441096964081 -1.15714493188 0.00289543659381 -0.149103488367
0.001 -0.0330652053241 -0.692474010388 1.01186063084 0.62082469381 -0.0623314455686 0.474163703038
0.001 0.219894210403 -0.047833741574 -0.271472272747 -0.629450283854 0.630042599688 0.0286197261075
0.001 -0.775388460872 -0.96551161553 0.324588208708 -0.476868989757 -0.0720129814416 -0.158948229221
0.001 0.780074721569 -0.0378861744501 -0.0521801972276 -0.120448191558 0.108163174305 0.106711488485
0.001 -0.108301087939 0.852687385428 0.202047029181 -0.0136533926204 0.31790894497 0.35686276958
0.001 0.818437040752 -0.0734726748124 -1.31759762733 -0.281140554901 -0.396106212695 -0.524426385046
0.001 0.342446553757 -0.53311979097 -0.825371720684 0.0763378856366 -0.120659213996 -0.017828646352
0.001 -0.768789335205 0.258295296982 0.381925582444 -0.147947098258 0.190780626596 -0.35702596397
0.001 0.243682383884 0.308692362197 -0.172382920771 -0.017586270826 -0.361662085712 0.0827975897674
0.001 -0.680708268688 -1.034843195 -0.940932316733 0.112315084095 0.0620636110671 0.101205898222
0.001 0.648355175317 -0.596407898867 -0.247028132826 0.329381644271 0.0105890019531 0.569395817116
0.001 -0.187531172478 -0.288149647847 0.394160930792 -0.991990113139 0.301473031286 -0.215075225626
0.001 2.0864124213 3.37124620724 0.353269664459 -0.193154645332 -0.101509858239 -0.125870227586
0.001 -0.0900902258066 0.538838448724 -0.366152186858 -0.787026858429 0.778753258945 0.368148568463
0.001 -0.531877331443 0.526912378543 -0.852928170737 0.391890344216 -0.46382458666 -0.751532112746
0.001 -0.0490220621255 -0.0688672936082 -0.385800943871 -0.690720260369 -0.101219545957 0.801076076459
0.001 -0.618980669359 -0.987318786344 -0.14478873954 -0.0999063667708 0.446285009308 -0.462092662183
0.001 -0.663329674081 -1.04724960575 -0.119274003256 0.0164973288553 -0.329073556629 0.76612257036
0.001 0.489783559728 0.00874330227784 -0.259466762023 0.978530115845 0.146360272425 -0.471930648919
0.001 -0.525427862633 -0.506032822544 0.580701114432 -0.692552163548 0.391650976348 0.0974661630088
0.001 0.364532606282 -0.539677099607 0.182190850287 0.206325400767 -0.118060515644 -0.0120164914173
0.001 0.0399932371203 0.165985583843 0.322779280423 -0.32742841781 -0.385587349576 1.18882544226
0.001 0.0356893031056 -0.294256063525 0.110951153669 -0.345829146985 0.477824725716 0.156611746691
0.001 0.0892824824123 0.345808548133 0.0892500393832 -0.0113617699721 0.119406378214 0.436820795836
0.001 -0.167489753166 -0.355036938882 -0.748081285659 -0.349736465351 0.0850837545447 0.0829656010362
0.001 0.213933207661 -0.254612813067 0.101566934385 0.562686610813 -0.319524120197 0.55947801621
0.001 -2.21872133232 0.334476228569 -0.940559019545 -0.191235630911 -0.0513405847271 0.0851625584064
0.001 -0.198906974894 -0.41992064204 -0.128055864213 1.07964672004 -0.110091490672 -0.220095346488
0.001 -0.173930870583 -0.65236877701 0.798162470089 0.455235490925 0.174197726325 0.720538267304
0.001 -0.556559694965 0.349340923796 0.334324875228 -0.762053029451 -0.247082656282 0.0374959149749
0.001 0.591280382087 -0.474190339037 1.00455328675 -0.135126226217 0.0250705999527 0.103249855317
0.001 1.69133163537 1.57846814865 1.58099077349 0.0747231194171 0.211259380232 0.109919381695
0.001 -0.229494346226 -3.44922334501 0.917187288623 -0.147764300287 -0.0235619194234 0.163483524465
0.001 -0.152793080039 -0.635146634255 -0.734278678927 0.300842513465 0.183829946684 0.101182907005
0.001 -2.59362055075 0.00500100488034 0.539436836088 0.292527973885 0.168437563801 0.424348978032
0.001 0.651603063163 0.0874989176718 0.0522006524708 0.490128648853 0.154400179483 -0.713944666039
0.001 -0.135334133254 -0.087955374224 0.783885633453 0.888235500393 0.266897053917 -0.243006892103
0.001 -0.115646484344 0.0117261226265 -0.429979997932 0.916404561011 -0.385694198618 0.101694059724
0.001 -0.0279452447606 0.205218791156 -0.0586273378744 0.299988788366 -0.171155010613 0.338598899771
0.001 0.49481684534 -0.0751784000258 -0.00841435549619 -0.817795220952 0.220422823817 0.55334587209
0.001 -2.51401229048 1.63760059257 0.149369501666 0.220488593437 -0.115499942197 0.240495598546
0.001 -1.04467921258 -1.74085236 0.225284262938 0.23976799205 -0.0347161746927 0.156112607869
0.001 0.568080684394 -0.499503130898 0.530586259571 0.879104513313 0.00769781758869 -0.40353085596
0.001 0.187037164694 -0.612485199509 0.230729427709 0.797184101668 -0.476093157719 -1.03870183231
0.001 -0.0427084635692 -0.274702494718 0.0757702465923 -0.106232470079 1.02082993032 -0.0192507977342
0.001 0.711365663995 -2.49183995737 -0.114237438711 0.0650981280693 -0.0669879915608 0.343547466213
0.001 0.0371334254412 -0.628228661417 -0.234011129588 -0.129254762714 0.0147787683959 -0.17597038073
0.001 -0.652985139333 0.149930548468 0.138549738207 0.940588649172 -0.46346306426 0.411661831106
0.001 -1.4488800316 0.124878895228 -0.868126742218 0.202831578127 0.153133432158 -0.141223139252
0.001 0.112712819967 -0.30768915092 0.194058595451 0.634022363877 -0.493211541361 -0.185441735561
0.001 1.1864399689 -0.74204875863 -0.0602784800146 -0.199690032481 -0.0270123165823 -0.428527367222
0.001 -0.394819474641 -0.206648050115 0.410430101107 -0.555003077292 -0.148282459981 -0.114705387119
0.001 -0.256259428224 -0.532805212374 0.366339060592 0.370497559433 -0.836717850151 0.277271344343
0.001 -0.356030763574 -0.720362768692 -0.764500259159 -0.558063681736 -0.161184711886 -0.0728297285039
0.001 0.606827441227 0.376140316847 -0.0831517578252 -0.202054977434 0.587428311727 -0.523943388529
0.001 -1.35887040704 -1.82988308522 -0.0165553594843 -0.384718057102 0.0454721462754 0.0298984648644
0.001 0.212912943781 0.744113106841 0.304964968616 -0.748166781412 0.158857988106 -0.257242705292
0.001 0.526261142098 -0.0168881124707 1.24917997569 0.523092700952 0.392357326416 0.0903818676386
0.001 -0.41746965231 0.397343856422 -0.196401447525 0.222223628171 1.03100129362 0.221089746477
0.001 0.236073701179 -0.901469747766 0.145829551584 0.394589595525 -0.17689263912 -0.188716934812
0.001 -1.7005985488 0.190696294505 -1.57686345712 -0.145482981317 0.157587776731 0.0552872705677
0.001 -0.894831193688 -0.120371868663 -0.250450647885 0.246249938011 0.51713277126 -0.376872227056
0.001 -0.0696546729825 0.925050288924 0.541606086695 0.252909266673 0.20509466809 0.0685255842024
0.001 -0.689807196265 -0.443223949415 -0.953963736604 0.0522410474156 -0.539931455089 -0.626279340385
0.001 -0.123148083661 0.638112766829 -0.297638544901 0.272894911538 -0.0994114874522 -0.337084377703
0.001 0.165021672384 -0.156681558254 -0.0115037061857 -0.00302972019079 -0.515941159035 0.578338196614
0.001 -0.635711045621 0.35241406496 -0.519751959605 0.0593790364451 0.134903004135 0.227363882557
0.001 -0.87735131484 -0.44053558976 0.446004464843 0.145655270674 0.238042422261 -0.559543619377
0.001 -0.304746253434 0.256313634459 -0.724901139856 -0.756439492133 0.350579004113 -0.124999509706
0.001 -0.260497631236 -0.561853499168 -0.80602817794 0.0235804075338 0.613408210553 0.425420644799
0.001 0.272298556972 -0.355599628853 0.911555605408 -0.238712145524 -0.177925043907 0.0241161318064
0.001 -0.136171834647 0.0610928279541 0.995226359814 0.478713687619 -0.649844787361 0.401810107318
0.001 -0.97706023906 1.25905290502 0.213069894691 0.0380810247621 -0.53506407909 0.169637637246
0.001 0.170499052734 -0.46053846427 -0.187864637623 0.5930351897 0.124336043026 0.170993282525
0.001 0.578926150705 1.12649533355 -0.165692596967 0.170646531559 -0.00830210076614 0.237333627908
0.001 -0.447475079637 -0.0568546643064 0.494403543779 0.746127695555 -0.445900792836 0.214687922708
0.001 -0.311139317552 -0.176357467839 0.686248399989 0.391675737891 0.304593013241 0.0281377031993
0.001 -0.48012432413 0.101286402913 0.190417180193 0.0776680425437 0.733782971675 -0.0760485677663
0.001 -0.453713954732 -1.0146239976 -0.524678841106 0.311303043287 0.0344579745293 0.252347369242
0.001 -0.0761096535363 -0.855729991503 0.124834649765 0.0596346721825 0.169309488442 -1.13952777631
0.001 -0.10733440972 -0.527482642402 0.209052905806 0.13330062329 0.433447623623 0.115821453626
0.001 1.36181129701 -0.487496069995 0.0703926394008 -0.205902380331 0.256972137661 -0.520824261014
0.001 -0.612592623247 -0.650339061398 -0.82881383326 -0.128798827254 0.277364795372 0.0252846578676
0.001 -0.396688489325 0.419678270525 0.131943066295 0.197984318197 0.0353720475107 0.188286689274
0.001 0.037141969988 0.0558894204718 -0.2071177713 -0.651248742228 0.0493699768506 -0.787716548561
0.001 -0.474408626286 0.422255659711 -0.0316876675945 -0.568459845406 0.484122357118 -0.532111453568
0.001 0.308714317499 -0.34216114909 -0.014018127713 -0.57137241675 1.09783969861 -0.557728332761
0.001 -0.503943203714 -0.225142597045 -0.139309919559 -0.828099414602 -0.653331773965 -0.349272359266
0.001 -0.385474922852 -0.180193284748 1.338781183 0.0405224358624 0.0705942768175 0.164667324693
0.001 -0.0991019253135 0.0149008236989 -0.16379081779 0.500158598642 -1.42271769856 0.48964936939
0.001 -0.0606816395186 -0.198039963733 -0.593475531451 -0.0780064600385 -0.416735940234 0.0812692340351
0.001 3.08105884902 -2.24836209453 -2.55793969963 0.0456539662213 0.53652468559 0.0851462071395
0.001 1.00722256894 -0.301699019914 -0.845888786296 -0.194531768879 -0.029468875755 -0.352383821325
0.001 0.430384540298 -1.03410460367 0.291050237205 0.563639590222 -0.0982757314339 -0.417270598113
0.001 -0.778487269408 -1.1895982936 0.40084206763 0.0214484495255 -0.63044288961 -0.485066633895
0.001 -0.63842096785 -0.531735331067 -0.482472485434 -0.0987075574875 -0.322664746558 -0.086190024535
0.001 0.219878369342 -0.620748134803 -0.279771915927 -0.124620885977 -0.276556618788 -0.563198440029
0.001 0.702591400928 0.607894069951 0.647455180061 -0.739272717881 0.0599853251458 0.546857983767
0.001 -0.560552459124 -0.798564664772 -0.360438922128 -1.01074815571 0.118247392345 -0.145538437248
0.001 0.628932386727 -0.315965727086 0.917129316515 -0.273591273483 -0.509526520901 -0.0116944810623
0.001 -0.323493312689 0.215629364291 -0.762827764359 0.407511959294 -0.0121793721277 -0.0484286854686
0.001 0.246959755068 0.315267657684 0.489382303687 -0.256262080053 0.868143467744 -0.624541093592
0.001 -0.752631188998 -0.734348334709 -0.947311066091 0.0976839066865 -0.0287069773637 0.294577895751
0.001 -0.185882804294 0.299213391851 -0.346709409079 -0.0270144194087 0.290035800372 0.160664252962
0.001 -0.219339492644 0.326872581628 -0.0645417097141 -0.558809011573 0.395105620765 0.870749506987
0.001 -0.233304226147 0.0108950622634 0.26641895764 0.0333992390364 -0.0812954821854 0.593248871281
0.001 -0.995144315361 -1.00132686679 -0.158010315165 0.305561258616 -0.323362356794 -0.0207749695462
0.001 -0.968453993409 0.4835377354 0.35171058531 -0.310309884038 -0.693620988425 -0.623461207254
0.001 -0.49338508666 -1.55155799676 0.885000299777 -0.00072910881239 -0.154346231453 -0.0516566356947
0.001 -0.160350042457 1.82828716043 -1.70125036247 0.109953001789 -0.272485064676 0.383200239112
0.001 -0.00375421554544 -0.0407364040291 0.447683287096 -0.0275639917916 0.12799036795 0.299347530923
0.001 -0.814400920184 0.490986679944 0.503423254578 0.044110115328 0.0534993254887 0.0871477782852
0.001 0.880769286076 -0.770693868498 1.4379252874 0.498137668991 0.116810487301 0.428971079056
0.001 -0.239078923918 0.213451034892 -0.160709086127 0.524843342471 -0.531732321985 1.25662435754
0.001 0.841209595563 0.941971310187 -0.698270314009 0.0785799534302 -0.661847570428 0.372305892463
0.001 -0.5070505922 1.91845430963 0.756034417665 -0.223080108454 0.250634653185 -0.216160231271
0.001 1.3489845061 -0.3472306225 0.109021741314 -0.416912306136 -0.467076300615 -0.259837398574
0.001 -0.917648279575 1.44520165957 -0.618131102149 -0.170245215104 0.129232039684 0.226551475922
0.001 0.403666394849 0.995723992089 0.289464715304 0.249827260216 -0.248062456103 0.0734493728613
0.001 0.0145245431361 -0.550401141253 -0.478189458255 -0.606074855564 0.102902458989 -0.0162201152384
0.001 0.0579074113398 -0.0527796719459 0.115466131403 0.216728554965 0.25798653723 0.899478370049
0.001 -0.330140471524 0.817922088617 -0.240303683573 0.0171385040715 0.0418561600816 -0.207780170405
0.001 0.258891994556 -0.0633198928318 0.170513824222 0.103755839702 0.0767065673344 0.671557078182
0.001 0.0259093818452 0.0855941758545 -0.788615119432 0.199783117001 0.413123489568 -0.978330129881
0.001 -0.599062352587 0.40614028083 0.632384439828 -0.423118069073 -0.251465786717 -0.163105164525
0.001 -0.0192994236785 -0.438603292646 0.315654502153 -0.269930495593 -0.178398822688 0.467630469876
0.001 0.13490226142 -0.0369279829006 0.505209316819 1.07036649682 0.248655451534 -0.0478292808451
0.001 0.440928791196 0.548224617316 -0.170208499331 0.358036028447 -0.6689207279 -0.422957103989
0.001 -1.24130176888 0.0150745509351 1.31246936877 0.197016776166 0.270052110529 0.117395902015
0.001 0.201015515759 0.946483682508 -0.514443021219 0.13705847005 -0.156827826488 0.433411341979
0.001 -0.234459694409 -0.195938239405 0.543356057617 -0.585732735754 -0.231570214916 -0.0586141235439
0.001 0.566228655767 -0.504493443603 -0.566291519092 -0.0732269824835 0.513937466575 0.759699507649
0.001 -0.455717525446 0.494316676134 0.11737768097 -0.823869429988 -0.0978804878268 0.528003225581
0.001 -0.56426312175 -0.436011257172 -0.171884007712 0.129385251525 0.58959048456 0.0702545900006
0.001 0.0123499059711 -0.0877030992326 0.173755817467 -0.68839182715 -0.166466830539 0.712985597268
0.001 1.05235048908 2.90198352663 -0.986164281778 0.218054630654 0.101317190394 0.200066224677
0.001 0.23655835566 -0.152548311439 0.668449709733 -0.206059876468 0.0668414981108 -0.114025494231
0.001 -0.949001932798 1.18502553629 0.873402093434 -0.161925935634 0.135818062208 -0.0406700558182
0.001 0.104755508486 0.191101354389 -0.187574044185 0.703964359877 0.100688885027 -0.972157249414
0.001 -1.17345071063 -0.28623468171 3.14413418592 -0.464793561977 -0.0902560714527 0.0783357978247
0.001 -0.332483699408 -0.467911765283 -0.425206639659 -0.0541761068408 -0.0748638816044 0.493451195066
0.001 0.207460652776 0.317405857918 0.297291553496 0.676049455738 0.115971042573 0.354664513897
0.001 0.492042443484 0.569365618316 -0.449075591538 0.325465451414 -0.0906789184162 -0.384706750856
0.001 0.07881020517 -0.208176470259 -0.342759721691 0.457496610624 0.0411158937128 0.660662941511
0.001 -0.323951030927 0.103537541766 -0.404089723554 -0.0343358877266 1.11254855601 0.523144866151
0.001 0.32130464146 -0.753859868623 0.56727286375 0.082978314334 -0.254210140881 -0.524665550815
0.001 -0.0379282908523 0.0816183945445 -0.691490072937 0.548845753293 1.03836401145 -0.0512553598539
0.001 -0.105166765334 -0.000401535393114 0.206337254151 0.517602693915 0.0611202272755 0.442758666781
0.001 0.119543613309 -0.182665644538 0.207375230545 -0.0432981595426 -0.376480792747 0.559177802025
0.001 0.208561128506 0.0234683919602 -0.253494506274 -0.0955097603723 0.29102594903 -0.16606339695
0.001 -0.313683508616 -0.193877474925 0.148643736364 0.133581162032 0.0821737922824 -0.496744100661
0.001 -0.119482863736 0.587761889037 1.18124552772 0.231203691715 0.0422516020526 0.334496431083
0.001 -0.0608775738411 -0.13070560313 0.192149459619 -0.410305398798 0.601056086245 0.779544325294
0.001 0.0737525334656 0.271686699518 0.322983082628 -0.172404412506 -0.031386058452 0.207215275108
0.001 -0.0119347378674 -0.144501336081 0.135303887538 1.05612110408 -0.509161841353 0.610532839967
0.001 0.251319861403 -0.446985159744 0.321145885353 0.683730405248 -0.340443571933 0.433299441904
0.001 1.30644752939 -0.337471330891 -4.83168650137 0.3724427743 0.24498534419 -0.209928822059
0.001 -0.00930956031241 -0.342628419031 -0.120789244065 -0.426398397899 0.193803676842 -0.000332975804525
0.001 0.115836758342 0.012603388058 0.115581681265 0.197171594875 -0.36949586016 -0.492879894066
0.001 0.0240598263211 -1.28974286363 -0.200592830978 -0.0500150254251 -0.213736043758 0.120859930397
0.001 0.166697572621 0.106587990696 -0.199591582582 0.243922276034 0.0772730486249 0.179237014254
0.001 0.274474473484 0.67547167815 -0.102587513898 -0.529038419702 -0.136315073805 -0.0172414090138
0.001 2.15929253596 -3.09688618878 0.0111924142084 0.00287095077063 0.0117011826223 0.181125773379
0.001 0.585574601857 -0.0060357137682 -0.323218249896 -0.301068938571 -0.798342073265 -0.718048312007
0.001 -0.0816334773318 -0.79146792101 0.411821411838 -0.463576243583 0.356083595167 -0.126027742094
0.001 0.38332328523 0.325766706427 0.905985983563 -0.16701489958 -0.153851882929 -0.669758750628
0.001 -0.797368901045 0.241598427016 -0.85811081188 -0.198019053838 -0.156739903987 0.0218953632248
0.001 1.07518599273 -0.12294607679 -0.369195224713 -0.616543799607 0.572836790884 0.0301706010464
0.001 0.396252515016 -0.115890645093 -0.467044745822 -0.781406499541 0.0995115170612 -0.294290486289
0.001 0.371923115709 0.159379269951 0.127489317627 0.226092627487 -0.668583454593 -0.0672785956122
0.001 -0.379447631866 0.264112259315 -0.893077599698 -0.49326113551 0.127790114408 -0.463156123982
0.001 -0.663586738991 0.568252990451 -0.292011078306 -0.66050801923 0.217923342725 0.296508641881
0.001 0.0879310082795 0.0662914991861 0.82438582297 -0.349537488223 -0.507373112495 -0.0906290370477
0.001 0.326210582316 0.0397758722008 0.0733302073016 -0.37465436494 0.470175791019 -0.329260660524
0.001 0.419606804318 -0.266789147411 -0.413001125303 0.458203606207 0.0610770599261 0.0373750777777
0.001 0.845453624521 -1.91248465619 -1.40558100488 0.318909709614 0.0943581055502 -0.0092151974781
0.001 0.100942363002 0.0297140658296 -0.130496005365 -0.0158268823646 0.927918874991 0.245093219947
0.001 0.0730283525289 -0.348447196076 -0.409961938298 0.289927237279 0.580518109802 0.487583257695
0.001 -0.325560001642 0.569483056835 0.658309002617 -0.00375878953752 0.658550577187 0.375342950139
0.001 0.0912487340557 0.0684443722385 0.871920783008 -0.465084863477 0.425831859611 0.0253208413419
0.001 0.867496960824 -0.140678700406 0.0428192810089 0.107992977776 -0.207502159425 -0.927671858698
0.001 1.68744053381 -0.811711598877 -0.112900680286 0.103891457291 0.370516074788 -0.119869305314
0.001 -0.176054359256 -0.454665204609 -0.301552142188 -0.4634532801 0.6517032011 -0.877897798909
0.001 -0.153357493477 -0.291554775116 -0.470129125812 -0.106757910718 -0.0224511135031 -0.0206781422469
0.001 1.02760472235 0.442031698741 -0.218958535375 -0.150686480414 -0.191308994059 -0.0925224753245
0.001 0.217049800962 -3.28057864245 -3.35606734728 0.0769910362456 -0.08676684289 0.0913427107718
0.001 -0.492186792281 -0.604200883961 -0.228158592649 0.0734644425934 0.513656203205 0.308682811263
0.001 -0.500415588455 -0.481223832335 -0.133945249405 0.0881146980636 0.691670569134 -0.077700265417
0.001 -0.0384054694019 -0.299545972215 0.209755641565 0.609825920698 0.105163395406 -0.307812772325
0.001 0.499598016518 -0.301302839821 -0.875577536259 0.786414286045 0.15357947154 0.360754358916
0.001 0.171682926213 0.309513170716 0.419962727954 -0.15135389842 -0.260305860941 -0.662304073153
0.001 1.55779633646 -0.296277966857 -1.49398597619 0.751407675223 0.0706999268974 -0.0804543652763
0.001 -0.479696742733 0.0986434130424 0.987438476361 -0.216238397371 0.731669928386 -0.317304575356
0.001 0.10471276202 0.271656535916 1.58022587401 0.14402197876 0.196548351202 -0.161301339272
0.001 -0.768191401458 1.52627571957 -0.0816579776126 -0.00479463840413 0.351161429501 0.710910448912
0.001 0.819435474208 -0.388240635992 -0.180772822161 0.421520703496 0.0634748683571 0.865251979497
0.001 0.341096496766 -0.217893502246 -0.371309190534 -0.595533545745 0.315856319701 -0.702774378883
0.001 0.827238583332 -0.438863728473 -0.306496685519 0.343088408653 -0.204284172861 -0.354475025469
0.001 0.482478801764 -1.45966415387 -0.393011468018 -0.53424794813 -0.152775711266 -0.196191467059
0.001 -1.40828978896 -0.120058545283 0.742037822358 -0.0867160937293 0.0185783333968 -0.109454655389
0.001 -0.986181673649 -0.500731696639 2.30355047813 0.189532669957 0.0587794660941 0.327492297748
0.001 -0.444665073426 -0.347827222652 -0.288629702314 0.617933813438 0.0303046238827 0.637413494668
0.001 0.756555203675 1.04103723447 -0.19581237618 -0.582456873248 0.0499366671622 0.0105115996096
0.001 0.52750243615 2.7573811704 -0.640028192303 0.255626626464 0.48482211808 0.156251822802
0.001 0.275452572796 -2.27917895206 -0.970344311227 0.0366226542639 0.0516445495735 0.0693543018086
0.001 0.060450622226 0.285738527012 0.16581179384 0.681728003295 -0.375319219893 -1.01568539599
0.001 -0.178092937243 -0.201075011397 0.358504734446 -0.901504360407 0.132582558996 -0.461461796746
0.001 0.788100833887 0.438050321715 -0.0170967577253 -0.58704392517 -0.370689439029 -0.62137089709
0.001 -0.711779647374 -1.12853548617 -0.923952656029 0.642697415949 0.0033722628893 0.264475303718
0.001 -0.554282707795 -0.176716304406 0.200208559162 0.24298600826 0.292492415003 -0.222076630627
0.001 0.139573055498 -0.200830387349 -0.341763622661 0.549044457129 -0.392541345874 -0.739971816666
0.001 -0.0701322481226 -0.180882878134 0.0215462251034 -0.342626353416 0.180152623089 -1.10090281275
0.001 -0.712246783885 -0.60394363666 -0.0504504336336 -0.21333592551 0.250264797757 0.219466116254
0.001 0.578020418742 -0.598479542494 -0.0283903740525 -0.264565369807 0.0492788458543 0.00901675411651
0.001 -0.150055983817 0.0113540604245 0.0812008884244 0.097927896664 0.0801060236169 -0.241671596799
0.001 -0.978540455066 -0.570045716039 0.662166915174 0.302357874093 0.508707994406 0.00403945035108
0.001 -0.208021230216 -1.64792224136 -3.82648268372 -0.000432871508582 -0.0136342907485 -0.349315393935
0.001 0.106052391588 1.07392000092 -0.970752872006 -0.596696497242 -0.3510767831 0.149220953393
0.001 -0.385130331172 0.316081062855 -0.595552774915 -0.321453123507 0.263999689825 0.516532457255
0.001 0.815019846152 -0.459725940877 0.451634519408 -0.253616308936 0.289836951342 -0.254232706639
0.001 0.255216436875 -0.415233787733 -1.82306370853 -0.192164916472 0.255957160121 0.0474768907885
0.001 0.706796558107 0.388804125179 -0.730648249694 0.139800018461 0.764110714803 -0.0839644234221
0.001 -0.232323982219 0.18920709164 0.16676461391 0.390604267178 0.00242879006764 -0.0965397227525
0.001 1.51800163586 -0.359266170732 1.02727961761 0.690989485344 -0.0448902723314 0.318610571274
0.001 0.166008940553 -0.339369406693 -0.371818879279 0.201714242322 -0.59883255619 0.0793147183445
0.001 -0.206742109127 -1.3222381426 -0.654457365101 0.166760009534 0.0652846599961 -0.0640323196713
0.001 0.0785471621876 -0.277037486056 0.0207211851123 1.15638085858 -0.0979289913587 0.738783982386
0.001 -0.357576240524 -0.480678599869 -0.252877513827 -0.53696312572 0.0357164912761 0.352160151796
0.001 -0.3202612869 -0.0592388853526 0.0714014956002 0.504250801874 -0.791153054112 0.103812526986
0.001 -1.31604020774 -0.64844384235 0.379481334811 0.219200783106 0.074113694451 0.566798200831
0.001 -0.0574342391576 0.628981353555 0.284942075512 -0.136948209974 -0.812608026357 -0.217682265471
0.001 0.510304643337 0.240061516307 -0.430054131443 -0.239281986051 0.127084659157 1.04549933194
0.001 0.133991493988 0.290826395818 -0.0542423253528 -0.192622816714 -0.0343145157747 0.666730021801
0.001 -0.0161006930634 -0.339417057925 0.203824948942 0.0311386640823 -0.125833446014 0.564606705352
0.001 0.413415831084 -0.479105059974 1.89110733946 -0.0441034736396 -0.619005136505 -0.286948327885
0.001 0.108255389019 -0.305731830474 0.319552309772 -0.213983766861 -0.819218556558 -0.781486886489
0.001 -0.525747034902 0.432439408844 0.119727487816 -0.0805709492293 -0.262253959078 0.579637774029
0.001 -0.177742082906 0.372394797211 0.919924534219 -0.195053568965 0.904404640578 -0.23277892703
0.001 0.653090686134 0.561450143262 0.607469732611 -0.460748661634 0.0537675841956 0.219829341046
0.001 -0.285544627587 -0.308576962008 -1.03172584115 0.282443930979 0.0473463119556 0.151704487283
0.001 -0.139914266701 0.223604252808 0.0870104018159 0.0973099976111 0.346475312987 -0.668631117114
0.001 0.255344253294 -0.864843201687 -1.62760737336 0.312767272198 0.190937387783 -0.475560386963
0.001 0.958235031117 2.1291348864 -0.10547489762 -0.429320773633 -0.543950821596 -0.199062912225
0.001 0.243987402509 -0.0381374270701 -0.0919629848188 -0.418757563553 -0.0872259369319 -0.0247224622091
0.001 -1.15694608645 0.949266780887 -1.16086594751 0.037835531041 0.0206694424234 -0.0478521767057
0.001 -0.10176973713 -0.325215391998 0.317252368088 0.296728244521 1.04214908534 0.42788762546
0.001 2.04995231323 -0.902325440508 -2.26595274505 -0.0638408233521 0.0865499823217 0.493440269397
0.001 -0.261509526391 0.0332762379413 0.159754791909 -0.359718417371 0.618212944462 0.854422454018
0.001 -1.26276294881 0.0753956910593 0.700014577577 -0.181142263323 0.600186869176 0.594634594561
0.001 -1.03599426678 -0.340179331791 1.8811818827 0.203679392084 -0.459518236167 -0.169633371897
0.001 -0.0675257422149 -0.802254145308 -0.388473067236 -0.0381296472068 -0.041584012516 -0.598902667901
0.001 -0.53650185311 0.132519629252 -0.168388746495 -0.127131857107 0.00486989384091 -0.752653385015
0.001 -0.461652334273 1.03940027954 0.601784016782 -0.252439789194 0.691933208567 0.105711608018
0.001 -0.219256594271 -0.199254915643 0.357970142435 0.115775528798 -0.639482692292 0.868845060877
0.001 -0.393616843238 1.16437644594 -0.962268888459 0.375355561029 -0.575098648943 -0.0778937496337
0.001 0.245354044404 0.307035330221 0.447474487087 -0.618005160045 -0.029280111488 0.352396315414
0.001 -0.629756298861 0.171146293784 -0.175965402869 0.0183342283145 -0.305649760802 -0.892956015634
0.001 2.96443651558 -1.01319496653 -0.16961166179 0.162688340173 -0.0156648498437 -0.184648835552
0.001 0.0794567380267 0.950240425163 -0.864144119651 -0.658132123803 -0.0568870095794 -0.0878019824964
0.001 0.179972895289 0.368899434039 0.166343844825 -0.788776034757 -0.882419562341 0.0416551010656
0.001 0.363517405024 0.569286416076 -0.931556081345 0.622683256209 0.168203047888 -0.28951435538
0.001 -0.130883671908 -0.780796329526 -0.378635818444 -0.167457945131 0.505804181689 0.275327398614
0.001 0.411790559026 0.850261335756 0.325678815578 -0.130775464848 0.365347338653 -0.45476307735
0.001 1.26617158773 -0.506685759889 -1.2780121669 -0.573381098185 0.31322978831 0.218350691504
0.001 0.467615966104 -1.26127237167 0.0932338677459 -0.24112166588 0.170688159789 -0.186643073314
0.001 -0.335410532941 0.12333369179 -0.163494718097 0.109333769123 0.632397870864 -0.222798255684
0.001 -0.293685292971 -0.687895838044 -0.735629330951 -0.30135320151 0.151147381175 0.260771732685
0.001 -0.734885493279 -1.31330962126 0.655948386671 0.818656073216 0.177398836571 -0.0756973683716
0.001 -0.33217995522 0.251844224052 -0.0843008236755 1.33143949947 0.305037612727 0.193002819682
0.001 0.271353586589 0.05938482366 -0.35406689284 -0.498741692933 0.692406463465 -0.512117365032
0.001 1.59913568116 -0.460185556937 2.22517670689 0.0554423687793 -0.202963312785 0.1591020423
0.001 -0.241263706437 -0.608180659021 -0.234990492252 0.0205871022432 -0.0862725014647 0.260364239916
0.001 -0.437404479703 0.0103033604142 0.0487244029295 -0.558250044103 -0.204215906764 -0.312077432863
0.001 -0.271022863373 0.21835676616 -0.963797274821 -0.0228109981399 -0.249027069858 0.34939049671
0.001 -0.230746208675 0.00089146000713 -0.183192919986 0.593056879792 0.169600522517 -0.693292568215
0.001 -0.709469609727 -0.594238979312 -0.0321398763913 -0.0472429798944 -0.463171714987 -0.619961037515
0.001 1.41203870476 -1.20355356695 -0.0184040422855 0.0387424520696 -0.188003642418 -0.434696958434
0.001 -0.0993656963163 -0.764516475078 -0.2382452288 -0.308782852173 0.410177786237 -0.0366977191394
0.001 -0.123451950721 -0.408465947389 0.139369045319 -0.771343485254 0.0542386646432 0.690231693487
0.001 -0.239309865691 0.169664039374 -0.430199547447 -0.0973030654373 0.00613482944303 0.00975693804264
0.001 -0.835712113836 0.6073310606 -0.474928545042 0.337992878084 0.0744345947351 -0.07643725377
0.001 -1.10317120817 -0.761278551061 0.636003318183 0.058982437866 0.636241970448 0.230506074494
0.001 -1.35060564401 -0.000844214407971 -0.601508408299 0.0402299964798 0.276492235211 -0.123775631964
0.001 -0.103263747065 -0.349383383318 -0.187629311887 -0.557346899016 -0.135356109992 0.378421596628
0.001 0.965058524197 0.864104597161 0.0323240882983 0.371577720617 -0.276229012325 0.675597639862
0.001 0.154522592022 0.410348720469 0.533534084847 -0.524713478811 -0.366522713722 -0.364436227333
0.001 0.228829831469 -0.579333435234 0.895038970344 -0.309347689438 -0.0193047999896 -0.661674589327
0.001 -0.382730988961 -0.316198577939 -0.00974982811171 0.0129588250119 0.343653016642 -0.133377271055
0.001 0.112351342036 -0.172767976589 0.271754924747 -0.197576258281 0.0680748658183 0.127721888387
0.001 0.297336213918 -0.377793469621 0.779484288504 0.384521655936 0.347967597168 0.624229048923
0.001 0.552908302859 2.20699514944 2.19192582922 -0.451210878683 -0.0250638875445 -0.0817445731681
0.001 -0.307271005415 0.262260307112 -0.0491829145928 0.110621542618 -0.14522454303 0.233593612919
0.001 1.12502865671 -0.363084272999 -0.553183338363 -0.343432787303 0.188759418327 0.433959067871
0.001 0.250613246406 0.208247332931 0.741717643445 -0.200493676387 0.157986814544 -0.427802569098
0.001 0.376193024007 -0.623507693591 2.06283806153 -0.213312141254 0.291513806487 0.121267588592
0.001 0.214635273177 0.250716772786 -0.0547007137496 -0.299629495869 0.383450629882 -1.08649550241
0.001 0.206083854624 0.137009670874 -0.289888433504 0.150913097662 -0.292283264597 -0.476492631058
0.001 3.08350157849 3.4167596006 -0.0928827356415 0.162616310983 0.344269225125 0.0584639470756
0.001 -0.912339470426 0.858803048619 -0.360034082704 -0.6653909478 -0.588070383056 0.324739886064
0.001 -0.12821344003 -0.154470089732 0.166956328141 -0.661605474531 0.419555542641 0.358218023444
0.001 0.467209477173 -0.501294309973 0.411624269784 -0.277604594776 -0.194280650848 0.0169143497756
0.001 0.105976384969 -0.000236641698095 -0.461598957371 0.837969823786 -0.167459515514 -0.55615951834
0.001 1.42347955462 -0.759418198219 1.78979476617 0.186564975477 -0.233442953131 -0.103791615081
0.001 0.122399479908 -0.245419725624 0.486827801847 0.391769262952 -0.0714620738849 -0.232146918807
0.001 -0.101822812556 0.243477144183 -0.683874494574 0.294760823914 -0.571828052248 -0.40396805085
0.001 0.544576253445 0.0276739117326 -1.78317871294 0.0848668793717 0.083677554969 0.0383839700616
0.001 -0.0778444758643 0.851012459904 1.10699653637 -0.619920815014 -0.24195060216 -0.104042698908
0.001 -0.0281573542502 -0.550958951334 -0.459486028605 0.635382474312 -0.0966551362952 -0.0752581619287
0.001 0.729958791323 0.330196819197 0.0542764722318 0.0110009170506 -0.392555258682 0.201660420575
0.001 -0.491295115626 0.283496067372 0.48136569917 -0.12137999926 0.0389949185725 0.371637507889
0.001 0.909862796449 0.567189905592 0.232371777889 0.250836159117 0.107411271234 -0.427882420648
0.001 -0.307678442384 0.412390640438 -0.16682405094 -0.931286947829 -0.134951442283 0.302370299466
0.001 0.661657065265 0.278501988653 -0.988427286431 0.0633692971114 0.0192986200577 0.364690694421
0.001 0.363034840242 0.324456620479 0.237569135382 0.692136424965 0.251860034826 -0.111672866845
0.001 -2.96326838701 -0.415075545317 -1.74446148311 -0.0368417760202 -0.0336749776574 0.116746686314
0.001 0.969757583836 -0.679094763186 -1.53308855866 0.0561444170115 0.356464612938 -0.215823272583
0.001 -0.493572351241 -0.272894453247 0.308237288728 -0.290279532485 -0.272146294816 -0.538877347293
0.001 0.569387068424 0.154018078699 -0.637468928676 0.217815172144 -0.237454828811 0.041294779778
0.001 -0.00323799101838 0.0559734933374 -0.294481106245 0.56387446831 -0.0423098202574 0.149345153648
0.001 -0.000977770844761 -0.0514815446036 0.499118880164 -0.396854766089 -0.778012550196 -0.6220549832
0.001 -0.465022216901 -0.0134056699302 0.458051165963 0.139075877702 -0.402704294955 0.371640499725
0.001 -0.853501410349 0.8202593715 1.2005310924 0.313353414191 0.4387340834 0.340265561612
0.001 -0.308651588686 -0.1345577344 -0.156508088272 -0.569588951281 0.504730982177 0.223695052311
0.001 0.965020809923 0.316044260091 -0.300812564466 0.347779580379 -0.119567079994 0.40217167563
0.001 -0.0555164976283 0.00695562352727 0.109816917733 -0.429872973774 -0.287232964843 -0.552527594676
0.001 -0.0897480531524 0.0574431093985 0.0205813249232 0.0921774478603 -0.0472226859344 -0.365160691168
0.001 1.13083953602 1.07352883846 -0.631833279954 -0.2188698788 0.0106527487717 -0.353483165749
0.001 0.207529688475 0.0855637115746 0.11717381371 0.0937457003835 0.295792958508 0.185980505214
0.001 -0.103323735848 0.39298687922 -0.0172912222276 -6.44265825514e-05 -0.129695855993 -0.106787473326
0.001 -0.956446621942 1.71364738594 2.02647309445 -0.0370017999548 0.473732359287 0.328828090979
0.001 0.129380623225 -0.765633152787 0.417908558766 -0.444350566221 0.514601582024 -0.270078381508
0.001 1.49229306709 1.02648277949 -0.133846505792 0.288547795574 0.575280553812 0.0466771926875
0.001 0.279168875554 -0.194998620763 -0.0981293515287 0.267845060789 0.259876386022 0.0487076796339
0.001 -0.141166174596 -0.0315813908067 -0.308583546394 0.471275464357 -0.517507190277 -1.07642348725
0.001 0.602806603862 -0.164117058952 -0.242652175895 -0.248015047084 -0.444366756861 -0.40509678846
0.001 -0.371950957361 -1.56415849519 1.40220112675 -0.110694262767 0.0320896187707 -0.349030196233
0.001 -0.319120160811 -1.73737604518 -1.55877022109 0.393757189052 0.0168048847453 -0.220775225239
0.001 0.0256328169246 0.0444820416328 0.14618215911 1.16716377082 -0.285466494983 0.170202671749
0.001 -0.160916449761 -0.509547924158 0.0385329968538 -0.000200562763426 0.519121978665 0.488244397129
0.001 0.185592372529 -0.00840396682926 0.29228171181 0.0499077623175 0.0942217440554 -0.156636877433
0.001 0.509195964209 -0.257008048463 1.46795421289 0.150262055962 0.245521011951 -0.0298010737852
0.001 -0.505725183741 -0.233298652487 0.250526442608 0.528733484017 0.0530543926323 -0.115720881183
0.001 0.0688336226162 -0.206285994213 0.357205975759 0.193343493945 0.343074544968 0.110210699345
0.001 0.249976065356 0.39830241201 0.351766458957 0.401037376729 -0.13953723686 -0.716671380762
0.001 -0.00157831377954 -0.0987774733529 -0.295887878444 1.17370596795 -0.593291159453 0.442291168458
0.001 0.0289918810568 0.787223654078 -0.957998697333 -0.262554163814 0.319703808996 -0.183508382709
0.001 -0.707398517362 -0.646024995088 -0.619260277821 0.469739321887 0.490573469299 0.159265122756
0.001 0.827534902528 0.77401111727 0.257577402922 -0.114891355181 -0.00782510673049 -0.351065517916
0.001 -0.283517874736 0.262133919467 -0.290755997069 0.282462897913 -0.286173936046 0.00171584810958
0.001 1.85772706407 -2.72280890093 0.585390335078 0.166971914992 0.170405341389 0.278519364384
0.001 -0.760275198708 -0.858292107434 0.69935535565 -0.309015882473 -0.685860782277 -0.276031763668
0.001 -0.345300073534 0.127588508829 0.67039336981 0.74578347729 0.1551070231 0.649957065259
0.001 -0.775278117166 0.467352966757 -0.252749629658 -0.210604486824 0.116488787114 -0.410569482107
0.001 -0.212640758806 -0.0791991727503 0.10637323028 -0.285138841662 0.820916442412 -0.706437451949
0.001 0.32437380074 -0.680365907266 -0.211629710228 0.0550133407346 0.146889189165 0.0792141164412
0.001 0.0768451389003 1.49347060954 -0.240732384475 0.299407399622 0.170565107138 -0.602744851427
0.001 -0.0822736186307 0.0861070773579 0.175995259525 -0.259374550585 -1.23282042976 -0.149729944425
0.001 0.050251454582 -0.403033242649 0.320530839907 0.168576973843 -0.806801619882 -0.0960568464493
0.001 -0.204684903762 0.620042780868 -0.290634603177 -0.683004232772 0.149219288165 -0.517915019403
0.001 -0.435777182915 0.875919293348 -0.550889822353 -0.212938621278 0.703282584827 -0.427787422978
0.001 -0.143618675716 -0.427479937311 -0.327636010033 -0.64824598228 -0.490579731994 -0.707318753167
0.001 -0.248950402832 -0.457232815608 -0.568082128791 -0.434102860378 0.554400161461 0.656749830511
0.001 -1.50802495922 -0.313065593092 -0.328886245822 0.642214775376 0.0264162378914 0.44675930363
0.001 0.120943925413 -0.939937707251 -0.541883903815 0.481616237899 -0.29263142038 -0.274734835761
0.001 0.247017973059 0.291017223665 -0.333297829459 -0.3315543196 0.863386380428 0.534822747796
0.001 -0.210736634923 -0.122552202403 -0.05795653517 1.03943737893 -0.20331291192 0.132136892342
0.001 -0.0213544107275 -0.79316468363 -0.266026819376 -0.783227684376 -0.0438375676254 0.0089882518784
0.001 -0.0904162451744 -0.443978313875 0.129882960964 0.789111668568 -0.13321072223 -0.74376304886
0.001 -0.482446595882 -0.195152363988 -0.496924747488 -0.410962372724 -0.226985472153 -0.0416723516954
0.001 -0.418847486119 -0.0885455670205 0.179644158261 -0.61914910619 -0.493076811801 0.777047317941
0.001 0.178618970996 0.907637277545 1.0834675499 -0.257924483732 -0.179190897849 0.0697346502234
0.001 0.388409999376 0.437671939995 0.0716039635877 0.356860313847 0.497340993701 -0.0139862061967
0.001 -1.50465683416 -1.20802317124 0.617233762738 0.282114158599 0.37802618552 -0.0239660073916
0.001 0.935594169332 -0.609071355859 -0.190567123718 0.468221867807 0.388547448909 -0.246565428861
0.001 -0.330734633869 0.853682884025 0.27222969314 -0.709774395693 -0.192039399776 -0.140368375625
0.001 -0.175586366252 -0.188752147285 -0.190489033123 -0.52462302072 -0.48616271457 -0.978706157212
0.001 -0.16011934389 -0.763799226177 -0.0839935133443 0.279339685465 -0.236864851139 -0.590377205907
0.001 -0.955818362185 -1.20543662767 2.35855501276 -0.613186441309 -0.24227656447 -0.0247809243652
0.001 2.80398553173 -0.326699443822 -3.76699850519 0.229922519845 0.138080445005 -0.107160337936
0.001 -0.348112500754 -0.586193228826 -2.48568462885 0.151388399018 -0.0489461379596 -0.000350659757601
0.001 -0.379127466812 0.0795953626039 0.81062809521 -0.501801881408 0.391897397518 0.135902462672
0.001 -1.03273515318 0.694926092138 -0.375742412346 -0.924809160088 -0.0302391419852 0.120594122088
0.001 0.0869575406002 -0.00313616234172 -2.34884359452 0.453344437702 0.164074292258 0.365019596272
0.001 2.68802451254 -2.1148247579 1.10266498898 0.354432596804 -0.00736689715479 0.249413505945
0.001 -0.64288999044 -0.527900197472 -0.954628244511 0.783223645753 -0.0302796169455 0.00763580522854
0.001 0.453197731604 0.21210603817 0.145238868738 -0.0148893242635 -0.160342878124 -0.364213446978
0.001 0.234899057316 -0.0813680824888 -0.213527982676 0.572666002483 0.624148102819 0.40643000691
0.001 -1.28173971434 0.146278484366 0.55907705838 0.555639757147 -0.0697398606571 0.0456617336394
0.001 -0.0271942944973 0.606513631056 0.405938915051 0.192614301306 -0.891405600788 -0.308627162932
0.001 0.0919968829188 0.305678794314 0.147522357584 0.154423055166 -0.393849724029 -0.16283616868
0.001 -0.217009154607 0.050785228037 -0.0495267931365 0.409013401169 -0.409297832263 -0.214687479512
0.001 0.58050952316 0.349007830486 0.11505185338 0.302328158032 -0.33763121406 0.333979654084
0.001 -0.464487183128 1.33978327725 1.29930456095 0.175366175508 -0.42308989399 0.561177511874
0.001 0.169424343325 0.253084288587 0.0960383887593 1.22461969321 -0.440585920454 -0.152099513483
0.001 0.520456844345 0.706939380758 -0.00122529554319 0.200702218007 0.422129172252 0.363752089333
0.001 0.670529051167 0.164118977622 -0.136719092023 0.388650949313 -0.108207498621 -0.504319096117
0.001 -0.106626035475 0.0535303526994 -0.576090778251 -0.381966617019 0.743274731752 -0.040880454624
0.001 -0.66859102227 -0.647405908335 1.05156676897 -0.0733143481656 -0.188795475662 0.329357259829
0.001 1.03315396414 -0.0980707105794 1.41660665924 -0.263890080035 0.194024118377 0.413679748002
0.001 0.32840077335 -0.619551634513 -1.32042643508 -0.129937320819 0.35442236025 0.189376179016
0.001 -0.00205735813402 0.0905743224639 0.10680354899 -0.794161437171 -0.291923723004 0.395725406179
0.001 -0.594983295954 -0.339893388645 0.504804800038 -1.04415867276 0.158221902091 -0.307007164484
0.001 0.64125217269 0.76406488135 -0.350884482936 -0.073946051451 -0.134323252211 0.793007047207
0.001 -0.404436524982 -0.319807140209 0.159341927268 0.270197590774 -0.375415355997 0.291424246943
0.001 0.165260342619 0.576216135455 0.138369349874 -0.324468699527 -0.0591563115129 0.395165031882
0.001 0.244835403941 -0.366910837756 0.168500405506 -0.0081227640875 0.161123003608 -0.650321822263
0.001 0.0921487128366 0.280735337705 -0.287051538083 0.0112298983321 -0.582267220411 -0.342336613133
0.001 -0.646275326433 0.653398416101 0.288676250831 -0.0558082797166 -0.110766230225 0.450379674664
0.001 -0.432858177463 -0.216157904642 -0.23516901753 0.200484264607 -0.805920093425 -0.0680756227306
0.001 -0.495867526351 -0.239269141377 -0.448993873432 0.41942531418 -0.300325899678 -0.0324527512063
0.001 0.0666874246497 0.921048258108 -0.648156268293 0.147696629274 0.670438356892 -0.830622965923
0.001 0.0036100520321 0.235927793747 -0.201619050701 0.392925018127 0.439160308848 -0.122274788286
0.001 -0.406941054207 0.236218660191 -0.361760286317 0.53491667785 -0.446561778013 0.361692831377
0.001 -0.666745040367 -0.18244497011 0.0640778428336 0.164129555869 -0.297015206132 -0.487923039761
0.001 -0.416030177294 -1.61651046029 0.0326337350511 -0.00188212377175 -0.0692087532417 0.135398009577
0.001 0.120450324262 -0.123248088078 0.116871505493 0.478022747267 0.75124086955 -0.281718373324
0.001 -0.494617705138 1.17314029102 -0.81637076746 0.220664302808 -0.0520076605071 -0.0213891713195
0.001 0.700966958408 -0.216899388251 0.455925063584 0.216457828246 0.236554971302 0.28024220227
0.001 -1.12363387583 0.461964501538 -0.595272852426 0.799713336898 0.22507016769 0.0309672603005
0.001 -2.58066401701 -1.17040828166 -0.823570967279 -0.675087038186 0.129945632309 0.0506739008904
0.001 -0.0305839975948 -1.03504919517 1.10568313042 -0.108824024784 -0.258375466745 0.0456594563359
0.001 -0.212667054866 -0.102584749728 0.0174849428262 -0.511932462962 -0.428963480574 -0.490544808908
0.001 -0.149992627841 0.137653902435 -0.869582791743 -0.178661607684 0.782146611345 -0.030386090914
0.001 -0.777000633714 -0.439013599559 0.341425593256 0.11428340045 -0.831872249948 -0.242142371256
0.001 0.101932793851 0.00470098889702 0.229708584649 -0.908143074844 -0.286371854199 0.246480218154
0.001 0.485390983537 0.848295145078 -0.344324588047 0.693341279465 -0.416702399653 -0.249411443878
0.001 -0.883948919859 0.181321587395 0.807144459507 -0.156489081459 0.547482580917 -0.128751835499
0.001 0.0420551000768 -0.326307190403 -0.372660468358 -0.374158463021 -0.188391163295 -0.158910221107
0.001 0.518504746754 1.79925880459 0.639753825386 0.443542333886 0.481965402776 -0.205311860958
0.001 -0.476267254622 -0.496187872919 -0.781670739373 -0.234990627131 -0.350719838345 0.598430460285
0.001 0.163035397242 -0.229471920353 0.406232004963 0.596973854592 0.297977275748 0.0570189592693
0.001 0.233310187778 0.117404201562 -0.412651610146 -0.165345975756 -0.0892853664313 -0.0447356431785
0.001 1.95436629186 1.64892443374 0.0116338028427 0.36571802772 0.00478737231691 0.264895614943
0.001 0.981694304013 0.0517597792956 -0.452096682281 0.229574502308 -0.268293780561 -0.513956024385
0.001 2.87020642226 -0.971471493779 1.72229235256 0.00217200159102 0.265004521003 -0.107332032481
0.001 -0.586722742781 -0.0840934322515 -0.545697163332 -0.540647456923 0.361774993423 -0.0507257039699
0.001 0.122323055072 0.211686867566 0.561591256814 -0.503605818871 -0.125011906564 -0.115744768011
0.001 0.485293224232 0.212375164337 0.291594898017 -0.134230067739 0.321704422613 0.434002918386
0.001 0.631738424251 -0.153533973916 -0.189545449093 -0.174901990658 -0.10743018283 0.0337829285826
0.001 -0.135470707956 -0.139313621942 -0.0911923860378 0.487788327189 -0.45457386039 -0.0370372976363
0.001 -1.87215712337 2.02043356983 0.362502485462 0.0398967914473 -0.0180073220226 -0.49779949966
0.001 0.729427893562 0.297114506118 -0.304012521724 -0.562037665749 -0.545280189797 -0.250428865212
0.001 0.0836190390634 -0.390770498868 -0.0903647984049 -0.183383038467 0.243264602082 0.642993508992
0.001 -0.383884549852 -0.0216958876218 0.075287565172 -0.543624642221 -0.089418377127 -0.746694983518
0.001 -0.175134737174 -0.237336880945 -1.22011013794 -0.222187263201 -0.279575323092 -0.161658956125
0.001 -0.397681879417 -0.200563207948 -0.498755151245 0.305987706602 -0.338089698098 -0.744963587559
0.001 -1.46714260996 -0.0342193696737 -0.451440954812 -0.35442858558 -0.342945565729 0.0644023709255
0.001 -1.20565161139 -0.179473572677 -0.42021722266 0.359332013779 -0.203887469191 0.225500337743
0.001 0.546522457852 -0.147435209485 0.362905989597 -0.0989095436565 0.77353954951 0.173309604592
0.001 -0.873489204889 0.935578311157 -1.55265781954 -0.158742950923 0.135124284833 0.112504326972
0.001 -0.18341168391 0.902378979158 -0.334348626969 -0.523629806409 -0.179781307809 0.0223475286188
0.001 -0.326304352347 -0.183881258673 0.0814309217109 0.412100581602 0.271163139505 0.135317422353
0.001 2.36551253544 -0.367663293906 -0.91259069046 0.0156653434937 -0.380743646333 0.391356183225
0.001 0.28929675239 0.377159697328 -0.0967586522171 -0.269317901896 0.0629971948775 -0.162371750224
0.001 -0.262480134325 -1.56942629396 -0.180414332384 0.280265980241 0.801648013434 -0.15655236423
0.001 -0.197007416732 1.33977141459 0.463218137161 0.307387999804 0.370096770943 -0.00235003285137
0.001 -0.287492054098 -0.270780358966 0.369008613524 -0.185829451625 -0.325614483516 0.0750849721519
0.001 0.515329393229 0.237948547136 0.251272247026 0.599741129113 0.00407340644374 0.541138045731
0.001 -0.748645306916 0.0158856668658 0.132899735399 0.0188374754499 -0.141042463991 -0.520952742788
0.001 -2.38195816253 2.70909215388 2.40214854589 0.243704736839 -0.100481787576 0.0820956772576
0.001 -0.626733265492 -0.375779244057 1.723637609 -0.220183477835 0.118913103976 -0.151583744113
0.001 -0.857115783745 0.105192815877 -0.0786373524106 0.510177758636 -0.356044269559 0.0653504532568
0.001 -0.142021562535 -0.0433462295347 0.0171894760253 0.187840565719 -0.611603717875 -0.539720049085
0.001 -0.251965092282 -0.456180514457 0.586243476137 -0.159810437842 -0.197670783294 0.641698633718
0.001 -0.0601479420503 0.22261920675 0.319610660371 -0.215922890153 -0.0287546626793 -0.708229343417
0.001 -0.0398234251054 0.972367696201 -0.454477627814 -0.528318866814 0.0920128255702 -0.394505966553
0.001 -0.391259303955 -0.843823305815 0.81610127331 -0.447080674176 -0.55391336257 0.423922017139
0.001 0.100051320101 -0.346394941847 0.385766075531 -0.356214938838 0.170148072351 -0.249606790488
0.001 0.197509466995 0.494478408846 -0.167741614677 -0.717292988174 -0.160003380453 -0.358370605012
0.001 -0.715427348323 -0.467823519937 0.347645530715 0.277765853194 -0.113580457824 0.472963199807
0.001 -0.278965906263 -0.463644964203 -0.160858063599 0.468715078744 -0.341111837596 -0.532578856964
0.001 -0.269893733561 -0.159787626838 -0.102558233947 0.316114475767 0.323008181712 -0.488486862274
0.001 -0.288836298795 -0.503299325302 0.119204572434 0.754183062443 0.57660738817 0.177760239764
0.001 -0.24509865085 0.0403579394028 -0.0784824377575 0.0731954161968 0.46034517965 -0.291514554711
0.001 0.225682495173 0.0883957921278 0.304998985655 -0.410407589191 0.450667225232 0.196391961342
0.001 -0.558143155118 -0.33502659016 0.210534011535 -0.132778015262 -0.0503101397162 -0.111038837436
0.001 0.105438211017 0.114871477884 -0.19489442145 1.09157813687 0.0898601072972 -0.228666656162
0.001 -0.267202748132 0.3566595132 0.554886698533 0.165918495341 0.258483646838 -0.279715839831
0.001 -0.13414365185 -0.200133989528 -0.372194862966 -0.372121965766 -0.404442063162 0.167734354225
0.001 -0.0406263319176 -1.36401761039 0.855591958605 -0.0567738152161 -0.152839794825 -0.0126659569852
0.001 -0.503678345466 -1.03399704975 0.209960030714 0.349613816103 0.320275685095 -0.102498160629
0.001 0.555665866776 0.116155073753 0.245018159576 0.773317697232 0.325978730723 0.152534699654
0.001 -0.596974577649 -0.18308942797 0.214039752046 -0.576587662785 0.416410347446 0.990027780968
0.001 -0.229717178578 0.876668038963 0.40022906246 0.401466475718 0.529636506203 -0.107928041542
0.001 -0.354515061664 -0.12241960523 0.1059014932 -0.396336997731 -0.625003485103 0.681739680346
0.001 -0.0712361241929 -0.2037345298 0.090292789557 0.00564666200923 -0.170150972618 0.0455307660738
0.001 0.644041867293 -0.838548304038 -0.491328266934 0.294135496464 -0.0527414210697 0.213285874215
0.001 0.063899111419 0.113987441678 -0.380095860933 0.549478306576 -0.0304873436746 0.550632673322
0.001 0.323776078953 0.464002494906 -0.129255905781 -0.549608015687 -0.527201186959 0.607592130448
0.001 0.38913988087 -0.478613928816 -0.830840088092 0.00748395753375 0.429886014841 0.532869601484
0.001 0.703138683404 0.915861057424 3.04719662394 -0.0185207814058 0.0277254395202 -0.361321332024
0.001 -2.35560998097 -0.783566123635 0.35656324927 0.408504197058 0.43979039699 0.333925109372
0.001 -0.080314155893 -0.589607922701 -0.521140379873 -0.280882576345 0.0319450029994 0.167406935056
0.001 -0.510607909453 1.57196009759 0.874007592701 -0.0771693117399 0.0132406683928 0.143392827174
0.001 0.185501439696 0.0308317433154 -0.0984534546581 -0.668067404502 -0.947645771544 0.631056893979
0.001 -0.0620589463628 -0.0858591444923 1.22665377375 0.221931770461 -0.415290198527 -0.128596546013
0.001 0.235860682219 0.129287289631 -0.742051355211 0.171000013958 -0.0650151066051 -0.26424982321
0.001 0.434291433739 -2.64859608839 0.380103866402 0.191609695069 -0.0835254320813 -0.342374216133
0.001 -0.457507449444 -0.638906278929 -0.4501005102 0.881561778283 -0.175145404212 -0.292733718815
0.001 -0.591271148389 0.216391637119 -0.688674858742 0.855847658695 0.159290901 -0.0949280806526
0.001 -0.363771431414 0.703596621803 -1.37266701975 0.263295413281 -0.442624964829 -0.310058682585
0.001 0.403859679012 0.174602028996 -0.0916290651916 -0.940986086992 0.647177363081 0.396733882348
0.001 -0.303411887532 0.136427013514 0.364237761233 -0.382681944004 0.183838455924 0.403131133109
0.001 0.819469547339 0.374472416018 -0.745495164896 -0.504244171744 0.188142564308 -0.542562431782
0.001 0.145697689176 -0.164225720394 0.118568809591 -0.0304678120205 0.113718434951 -0.227474421765
0.001 -0.0121996379954 -0.232358679677 0.796457973174 -0.0948750173812 0.0014417822435 -0.129613273524
0.001 0.60179567593 -0.389155187061 -0.192161386758 0.0668643083909 -0.496768735457 -0.230781810783
0.001 -0.214049908918 -0.301474324403 -1.14463633758 0.634267619436 -0.0535823592935 -0.59609710512
0.001 0.114426600068 0.0801473603294 0.268010055096 0.302665147606 1.35434932189 0.153519379849
0.001 1.64813031239 2.46027339154 -0.370098542123 -0.116578181364 0.0729815267414 -0.141845002934
0.001 -0.644364345463 0.0878770896684 -0.620399693306 0.224521601051 0.0433121866675 0.306814436552
0.001 -0.100010142163 -0.534470074723 -0.416027087133 -0.177361037033 -0.477815500933 0.25945577967
0.001 -0.0723272673442 -0.275495307268 -0.322515962914 -0.62372173302 -0.311998808274 -0.0633728545482
0.001 0.252072073604 -0.178883624951 0.353442152665 0.379659872956 0.289579043467 0.000436827250522
0.001 0.209268859918 -0.649920895951 0.485543463917 -0.53264244791 -0.218738237679 -0.119029017217
0.001 -2.92049394698 3.883894065 0.581597557518 -0.448966941822 0.100214710871 0.163027971873
0.001 2.63492669154 0.910085303825 -0.789609397147 0.178300571804 0.122595456052 -0.0574886510322
0.001 -0.621269196043 0.717558763402 0.118430904459 -0.282517729259 -0.195665091528 -0.00573932540807
0.001 0.0913327740304 0.326125431339 0.445795037428 -0.752959661807 0.00992061236386 0.576715560025
0.001 0.567461489829 -0.296431410035 0.622809188058 0.215121454768 -0.372822710883 0.486924587755
