10
0.295912208285591100e-3 0.00450250878464055477 0.00076707642709100705 0.00026605791776697764 -0.00000035174953607552 0.00000517762640983341 0.00000222910217891203
0.491248045036476000e-10 0.36176271656028195477 -0.09078197215676599295 -0.08571497256275117236 0.00336749397200575848 0.02489452055768343341 0.01294630040970409203
0.724345233264412000e-9 0.61275194083507215477 -0.34836536903362219295 -0.19527828667594382236 0.01095206842352823448 0.01561768426786768341 0.00633110570297786403
0.888769244512563400e-9 0.12051741410138465477 -0.92583847476914859295 -0.40154022645315222236 0.01681126830978379448 0.00174830923073434441 0.00075820289738312913
0.954954869555077000e-10 -0.11018607714879824523 -1.32759945030298299295 -0.60588914048429142236 0.01448165305704756448 0.00024246307683646861 -0.00028152072792433877
0.282534584083387000e-6 -5.37970676855393644523 -0.83048132656339789295 -0.22482887442656542236 0.00109201259423733748 -0.00651811661280738459 -0.00282078276229867897
0.845970607324503000e-7 7.89439068290953155477 4.59647805517127300705 1.55869584283189997764 -0.00321755651650091552 0.00433581034174662541 0.00192864631686015503
0.129202482578296000e-7 -18.26540225387235944523 -1.16195541867586999295 -0.25010605772133802236 0.00022119039101561468 -0.00376247500810884459 -0.00165101502742994997
0.152435734788511000e-7 -16.05503578023336944523 -23.94219155985470899295 -9.40015796880239402236 0.00264276984798005548 -0.00149831255054097759 -0.00067904196080291327
0.217844105197418000e-11 -30.48331376718383944523 -0.87240555684104999295 8.91157617249954997764 0.00032220737349778078 -0.00314357639364532859 -0.00107794975959731297